graphs:
num_nodes_min_max_tr = (16, 33)
num_nodes_min_max_ge = (16, 33) --> permutations of tr

results:
iteration number	elapsed seconds	training loss	test/generalization loss	training fraction mse	training fraction examples solved correctly	test/generalization mse	test/generalization fraction examples solved correctly
#	T	Ltr	Lge	Ctr	Str	Cge	Sge
0	7.528030157089233	0.6072842836380006	0.5577529668807983	0.8711215485340165	0.0	0.6366353543979505	0.0
5	12.075753927230835	0.22346043884754183	0.18937838077545166	0.9458476593493784	0.0	0.9457815392753239	0.0
12	17.613752365112305	0.16654623299837112	0.1519438475370407	0.9388507718696398	0.0	0.9388507718696398	0.0
18	23.403047800064087	0.12682069167494775	0.12282902002334595	0.941720971563981	0.0	0.941720971563981	0.0
24	28.443971395492554	0.10280006229877472	0.09175891429185867	0.9382309339482787	0.0	0.9383132927030143	0.0
31	34.038700342178345	0.06849910989403725	0.06373479217290878	0.9699855930846807	0.0	0.9815911637586041	0.0
38	39.71412992477417	0.053013702109456065	0.04944610223174095	0.9995889172079256	0.875	0.9995889172079256	0.90625
45	44.95846700668335	0.043627647683024406	0.04044800624251366	1.0	1.0	1.0	1.0
52	50.41398048400879	0.035387317091226576	0.03325216472148895	1.0	1.0	1.0	1.0
59	56.034533977508545	0.031131109222769737	0.029625611379742622	1.0	1.0	0.9999220029638873	0.96875
66	61.47007083892822	0.02712777890264988	0.025965798646211624	1.0	1.0	1.0	1.0
72	66.62688517570496	0.023593368567526342	0.022659141570329666	1.0	1.0	1.0	1.0
79	72.28122401237488	0.022242890484631062	0.021448692306876183	1.0	1.0	1.0	1.0
86	77.84925413131714	0.01999346911907196	0.01935679279267788	1.0	1.0	1.0	1.0
93	83.20067596435547	0.018047498166561128	0.017497513443231583	1.0	1.0	1.0	1.0
100	88.54372143745422	0.016593658924102785	0.016107099130749702	1.0	1.0	1.0	1.0
106	93.70034623146057	0.014598668273538352	0.014205449260771275	1.0	1.0	1.0	1.0
112	98.73139834403992	0.014234457910060883	0.013862679712474346	1.0	1.0	1.0	1.0
118	104.33351421356201	0.012925752345472575	0.012597249820828438	1.0	1.0	1.0	1.0
124	109.55167269706726	0.012422625813633204	0.01211991161108017	1.0	1.0	1.0	1.0
131	115.062908411026	0.011574724595993758	0.011309036985039711	1.0	1.0	1.0	1.0
137	120.13458895683289	0.010760204773396254	0.010527311824262142	1.0	1.0	1.0	1.0
144	125.57924604415894	0.010244264546781779	0.010027489624917507	1.0	1.0	1.0	1.0
151	131.102605342865	0.009700552467256785	0.009509779512882233	1.0	1.0	1.0	1.0
158	136.87662410736084	0.008396834041923285	0.008224736899137497	1.0	1.0	1.0	1.0
165	142.3363778591156	0.008381353411823512	0.008217865601181984	1.0	1.0	1.0	1.0
171	147.63157534599304	0.0077142507769167425	0.007573658600449562	1.0	1.0	1.0	1.0
177	153.06232476234436	0.007134078117087484	0.0070008751936256886	1.0	1.0	1.0	1.0
183	158.84893012046814	0.006964724091812969	0.006994244176894426	1.0	1.0	1.0	1.0
190	164.3232524394989	0.006688258005306125	0.006574773229658604	1.0	1.0	1.0	1.0
197	170.03898286819458	0.006151117524132133	0.006046420894563198	1.0	1.0	1.0	1.0
204	175.71548175811768	0.006181127112358809	0.006077192258089781	1.0	1.0	1.0	1.0
210	181.3110637664795	0.005601449683308602	0.005514809861779213	1.0	1.0	1.0	1.0
216	186.91902327537537	0.005406290479004383	0.005325127858668566	1.0	1.0	1.0	1.0
223	192.65351128578186	0.005189961381256581	0.005114434752613306	1.0	1.0	1.0	1.0
229	197.6602065563202	0.004994882270693779	0.004925840068608522	1.0	1.0	1.0	1.0
235	202.82449889183044	0.004819442890584469	0.0047498103231191635	1.0	1.0	1.0	1.0
242	208.6167061328888	0.004465588694438339	0.004400291945785284	1.0	1.0	1.0	1.0
249	214.13198518753052	0.004424031404778361	0.004360138438642025	1.0	1.0	1.0	1.0
256	219.65656328201294	0.004161486309021712	0.0041045863181352615	1.0	1.0	1.0	1.0
263	225.28846955299377	0.004053902393206954	0.004115684423595667	1.0	1.0	1.0	1.0
270	231.0292043685913	0.003856981731951237	0.0038045926485210657	1.0	1.0	1.0	1.0
277	236.77650952339172	0.0036189410835504535	0.0035682336892932653	1.0	1.0	1.0	1.0
284	242.4245002269745	0.003508628159761429	0.003462244290858507	1.0	1.0	1.0	1.0
291	248.00513577461243	0.003355504828505218	0.0033124012406915426	1.0	1.0	1.0	1.0
297	253.2254798412323	0.0031884985975921157	0.0031463380437344313	1.0	1.0	1.0	1.0
304	258.5136375427246	0.0031330172671005132	0.0030950529035180807	1.0	1.0	1.0	1.0
310	264.00969219207764	0.0031355728395283224	0.003099501132965088	1.0	1.0	1.0	1.0
316	269.36759877204895	0.003043702058494091	0.00300743174739182	1.0	1.0	1.0	1.0
323	275.10598134994507	0.002857721457257867	0.00282285432331264	1.0	1.0	1.0	1.0
329	280.1690196990967	0.0027821838390082124	0.0027497843839228153	1.0	1.0	1.0	1.0
336	285.744478225708	0.002655235026031733	0.0026248290669173002	1.0	1.0	1.0	1.0
343	291.3991470336914	0.002501749363727868	0.0024722046218812466	1.0	1.0	1.0	1.0
350	296.89641284942627	0.0024822507752105595	0.0024516182020306587	1.0	1.0	1.0	1.0
357	302.3825788497925	0.002348734484985471	0.002322158310562372	1.0	1.0	1.0	1.0
363	307.6708297729492	0.002347140572965145	0.0023203562013804913	1.0	1.0	1.0	1.0
370	313.419677734375	0.002308602398261428	0.0022818995639681816	1.0	1.0	1.0	1.0
377	318.99341106414795	0.00214832229539752	0.002123231766745448	1.0	1.0	1.0	1.0
384	324.6041531562805	0.0020801513455808163	0.0020576315000653267	1.0	1.0	1.0	1.0
391	330.168160200119	0.0020023284712806346	0.0019805061165243387	1.0	1.0	1.0	1.0
397	335.33501744270325	0.001964471908286214	0.0019437617156654596	1.0	1.0	1.0	1.0
404	341.1934037208557	0.001938274479471147	0.0019172223983332515	1.0	1.0	1.0	1.0
410	346.88732051849365	0.0018730218405835332	0.0018532256362959743	1.0	1.0	1.0	1.0
417	352.58896708488464	0.0018488724366761745	0.0018307504942640662	1.0	1.0	1.0	1.0
424	358.2762985229492	0.0017221369897015395	0.001703356159850955	1.0	1.0	1.0	1.0
430	363.39534425735474	0.0017569192335940898	0.0017395894974470139	1.0	1.0	1.0	1.0
437	369.04001927375793	0.0016709432587958873	0.001653960905969143	1.0	1.0	1.0	1.0
444	374.68428015708923	0.0016287091770209373	0.0016117568593472242	1.0	1.0	1.0	1.0
450	379.7198688983917	0.0015467997523956002	0.0015301721869036555	1.0	1.0	1.0	1.0
457	385.3933403491974	0.001563327293843031	0.0015486308839172125	1.0	1.0	1.0	1.0
464	391.1126811504364	0.0015187287121079863	0.0015038585988804698	1.0	1.0	1.0	1.0
471	396.79575872421265	0.0014561788295395673	0.0014411675510928035	1.0	1.0	1.0	1.0
478	402.439501285553	0.0014170588576234878	0.0014026317512616515	1.0	1.0	1.0	1.0
485	407.9181206226349	0.0013937524403445424	0.0013795628910884261	1.0	1.0	1.0	1.0
492	413.70252203941345	0.0012981291161850096	0.0012862985022366047	1.0	1.0	1.0	1.0
499	419.6208484172821	0.0012559506692923607	0.001243649167008698	1.0	1.0	1.0	1.0
505	424.98676919937134	0.0012868562364019454	0.001275239628739655	1.0	1.0	1.0	1.0
511	430.1799199581146	0.001262966636568308	0.0012507213978096843	1.0	1.0	1.0	1.0
518	435.5026435852051	0.0012154950993135572	0.0012035531690344214	1.0	1.0	1.0	1.0
524	440.6338942050934	0.0011544556822627784	0.0011435233755037189	1.0	1.0	1.0	1.0
531	446.00214195251465	0.0012129038688726724	0.0012014145031571388	1.0	1.0	1.0	1.0
538	451.81889247894287	0.0011063370853662492	0.001095790066756308	1.0	1.0	1.0	1.0
545	457.37480187416077	0.0011092948261648417	0.001099083572626114	1.0	1.0	1.0	1.0
551	462.54458451271057	0.0010698817088268698	0.0010598263470456004	1.0	1.0	1.0	1.0
557	468.4034459590912	0.0010539606446400285	0.0010448892135173082	1.0	1.0	1.0	1.0
563	473.86038732528687	0.0010155893862247467	0.0010061734355986118	1.0	1.0	1.0	1.0
570	479.3513174057007	0.0010543252457864583	0.00104520411696285	1.0	1.0	1.0	1.0
576	484.7720584869385	0.0009892359143123032	0.000980305951088667	1.0	1.0	1.0	1.0
583	490.53957080841064	0.0009618558629881591	0.0009533126140013337	1.0	1.0	1.0	1.0
590	496.42285895347595	0.0009411335107870401	0.0009324172278866172	1.0	1.0	1.0	1.0
597	501.98688530921936	0.0009278052020817995	0.0009199298219755292	1.0	1.0	1.0	1.0
603	507.3296525478363	0.0009214626625180244	0.0009133365238085389	1.0	1.0	1.0	1.0
609	512.6628060340881	0.0008774981484748423	0.0008695696014910936	1.0	1.0	1.0	1.0
616	518.1192803382874	0.00087080302182585	0.0008630708325654268	1.0	1.0	1.0	1.0
623	523.5169339179993	0.0008536174369510263	0.0008461011457256973	1.0	1.0	1.0	1.0
629	528.653223991394	0.0008527268422767521	0.0008454635390080512	1.0	1.0	1.0	1.0
636	534.3655846118927	0.0008232599415350706	0.000815898587461561	1.0	1.0	1.0	1.0
643	540.2062602043152	0.0008077107078861446	0.0008010633755475283	1.0	1.0	1.0	1.0
650	545.8337371349335	0.0007938934664707631	0.000787380849942565	1.0	1.0	1.0	1.0
656	550.9259912967682	0.0007991510967258364	0.0007922898512333632	1.0	1.0	1.0	1.0
663	556.3640995025635	0.0007736066705547273	0.0007671674247831106	1.0	1.0	1.0	1.0
670	561.9399783611298	0.0007245976477861405	0.0007186314323917031	1.0	1.0	1.0	1.0
677	567.2806098461151	0.0007391382998321206	0.0007326476043090224	1.0	1.0	1.0	1.0
684	572.9765949249268	0.0007101648428943009	0.0007040270138531923	1.0	1.0	1.0	1.0
691	578.8407468795776	0.0006884788570459933	0.0006826250464655459	1.0	1.0	1.0	1.0
697	584.0149765014648	0.0007090671046171338	0.0007036956958472729	1.0	1.0	1.0	1.0
703	589.6456978321075	0.000681651895865798	0.0006760467076674104	1.0	1.0	1.0	1.0
710	595.23020362854	0.0006711494585033506	0.0006658165366388857	1.0	1.0	1.0	1.0
717	600.6774435043335	0.0006472195440437646	0.0006424036109820008	1.0	1.0	1.0	1.0
724	606.0353164672852	0.0006663050386123359	0.0006611573044210672	1.0	1.0	1.0	1.0
730	611.3743431568146	0.0006098584504798055	0.0006048147333785892	1.0	1.0	1.0	1.0
737	616.9564254283905	0.0005927196238189937	0.0005876992363482714	1.0	1.0	1.0	1.0
744	622.570303440094	0.0005992174497805536	0.0005942927673459053	1.0	1.0	1.0	1.0
751	627.9108214378357	0.0005843867314979434	0.0005795531906187534	1.0	1.0	1.0	1.0
757	633.3513000011444	0.0005773250362835824	0.0005725731025449932	1.0	1.0	1.0	1.0
764	639.0476081371307	0.0005682058283127845	0.0005636228015646338	1.0	1.0	1.0	1.0
771	644.5843071937561	0.0005735314567573369	0.0005689231329597533	1.0	1.0	1.0	1.0
778	650.2490472793579	0.0005546122847590595	0.0005506941815838218	1.0	1.0	1.0	1.0
785	655.5591549873352	0.0005578003823757171	0.0005535484524443746	1.0	1.0	1.0	1.0
791	660.6514711380005	0.0005394972045905888	0.0005358595517463982	1.0	1.0	1.0	1.0
797	666.2934079170227	0.0005550129164475948	0.0005512434872798622	1.0	1.0	1.0	1.0
803	671.6896119117737	0.0005231172661297024	0.000519228633493185	1.0	1.0	1.0	1.0
810	677.3221287727356	0.0004982331534847617	0.0004940708167850971	1.0	1.0	1.0	1.0
817	682.7531864643097	0.0005015581729821861	0.0004975982010364532	1.0	1.0	1.0	1.0
824	688.5498187541962	0.0005000476900022477	0.0004960496444255114	1.0	1.0	1.0	1.0
830	693.6294238567352	0.0004961390397511423	0.0004923745291307569	1.0	1.0	1.0	1.0
837	699.0834577083588	0.0004975747899152339	0.0004937218618579209	1.0	1.0	1.0	1.0
844	704.7900319099426	0.0004623915738193318	0.00045895721996203065	1.0	1.0	1.0	1.0
851	710.4378733634949	0.00046461247839033607	0.00046104504144750535	1.0	1.0	1.0	1.0
857	715.4826192855835	0.0004497866000747308	0.00044642985449172556	1.0	1.0	1.0	1.0
863	720.6551492214203	0.0004889850853942335	0.0005033505149185658	1.0	1.0	1.0	1.0
870	726.422208070755	0.0004498219204833731	0.00044649341725744307	1.0	1.0	1.0	1.0
877	732.1418943405151	0.0004393398179672659	0.0004361680767033249	1.0	1.0	1.0	1.0
884	737.6275236606598	0.00042339340143371373	0.0004202899581287056	1.0	1.0	1.0	1.0
890	742.7520077228546	0.00042243412171956153	0.00041929128929041326	1.0	1.0	1.0	1.0
896	748.568216085434	0.0004337399906944484	0.0004305116890463978	1.0	1.0	1.0	1.0
902	753.6218101978302	0.00042827641300391406	0.0004250293131917715	1.0	1.0	1.0	1.0
909	759.3814589977264	0.0004034898767713458	0.0004008219693787396	1.0	1.0	1.0	1.0
916	764.936408996582	0.0003987959789810702	0.00039585185004398227	1.0	1.0	1.0	1.0
923	770.7354044914246	0.0003969629498897121	0.0003941345203202218	1.0	1.0	1.0	1.0
929	776.6043834686279	0.0003782767802476883	0.0003757387166842818	1.0	1.0	1.0	1.0
935	782.1757328510284	0.0003801082842983306	0.0003773005155380815	1.0	1.0	1.0	1.0
942	787.819479227066	0.0003851625981042162	0.00038235713145695627	1.0	1.0	1.0	1.0
948	793.1127054691315	0.0003757761471206323	0.0003729299933183938	1.0	1.0	1.0	1.0
955	798.7146344184875	0.00034086032828781757	0.000338167097652331	1.0	1.0	1.0	1.0
962	804.31391954422	0.0003721086075529456	0.0003695095656439662	1.0	1.0	1.0	1.0
969	809.7126569747925	0.00036763128882739694	0.00036512743099592626	1.0	1.0	1.0	1.0
976	815.3759446144104	0.0003562905330909416	0.0003537963202688843	1.0	1.0	1.0	1.0
983	820.797993183136	0.000362939020851627	0.0003605548699852079	1.0	1.0	1.0	1.0
989	826.5372586250305	0.00034037952136714014	0.0003380496636964381	1.0	1.0	1.0	1.0
995	831.8829591274261	0.00033057754335459323	0.00032815305166877806	1.0	1.0	1.0	1.0
1001	836.9821217060089	0.0003283933037891984	0.00032604383886791766	1.0	1.0	1.0	1.0
1008	842.6110501289368	0.0003167507180478424	0.00031447276705875993	1.0	1.0	1.0	1.0
1015	847.8351924419403	0.00034004333720076834	0.00033764977706596255	1.0	1.0	1.0	1.0
1022	853.2979893684387	0.0003305811464088038	0.00032845212263055146	1.0	1.0	1.0	1.0
1028	858.5003426074982	0.0003186460031429306	0.00031646573916077614	1.0	1.0	1.0	1.0
1035	863.9605209827423	0.0003060900606215	0.0003039319417439401	1.0	1.0	1.0	1.0
1042	869.7105135917664	0.0002988213731441647	0.00029675220139324665	1.0	1.0	1.0	1.0
1049	875.1754050254822	0.00029572725179605186	0.00029364225338213146	1.0	1.0	1.0	1.0
1056	881.0273451805115	0.0002963227278087288	0.0002943720028270036	1.0	1.0	1.0	1.0
1063	886.6386477947235	0.00029251459636725485	0.0002905159490182996	1.0	1.0	1.0	1.0
1070	892.107851266861	0.00029330087418202313	0.00029133990756236017	1.0	1.0	1.0	1.0
1077	897.8188986778259	0.00028178713109809904	0.00027989971567876637	1.0	1.0	1.0	1.0
1084	903.5532050132751	0.0002934316900791601	0.0002917193342000246	1.0	1.0	1.0	1.0
1090	909.4661493301392	0.0002788697136566043	0.0002771504514385015	1.0	1.0	1.0	1.0
1096	914.6885721683502	0.0002774272958049551	0.0002756741887424141	1.0	1.0	1.0	1.0
1102	919.7218718528748	0.0002784574840916321	0.0002766693360172212	1.0	1.0	1.0	1.0
1109	925.1473939418793	0.0002859044267097488	0.00028413397376425564	1.0	1.0	1.0	1.0
1116	930.6400771141052	0.0002645660773850978	0.0002628130023367703	1.0	1.0	1.0	1.0
1122	935.6549434661865	0.00026364903314970436	0.0002620353188831359	1.0	1.0	1.0	1.0
1129	941.2761905193329	0.00025263541319873187	0.00025095659657381475	1.0	1.0	1.0	1.0
1136	946.6689269542694	0.0002627696667332202	0.00026116223307326436	1.0	1.0	1.0	1.0
1143	952.2891216278076	0.000250464107375592	0.0002488328027538955	1.0	1.0	1.0	1.0
1150	957.7817492485046	0.00024724050017539413	0.00024567326181568205	1.0	1.0	1.0	1.0
1156	962.8338460922241	0.0002561681030783802	0.0002546192263253033	1.0	1.0	1.0	1.0
1163	968.2802004814148	0.0002411904453765601	0.00023970758775249124	1.0	1.0	1.0	1.0
1170	973.5693950653076	0.000246026148670353	0.00024451498757116497	1.0	1.0	1.0	1.0
1177	979.0562372207642	0.00024613490386400373	0.0002445628633722663	1.0	1.0	1.0	1.0
1184	984.8072965145111	0.00023893723846413195	0.00023754620633553714	1.0	1.0	1.0	1.0
1190	990.669326543808	0.0002327423731912859	0.0002314583252882585	1.0	1.0	1.0	1.0
1197	996.4562315940857	0.0002281934372149408	0.00022682579583488405	1.0	1.0	1.0	1.0
1204	1002.2171568870544	0.00022536383621627465	0.00022402466856874526	1.0	1.0	1.0	1.0
1211	1007.8141615390778	0.00023189453058876098	0.0002306509850313887	1.0	1.0	1.0	1.0
1218	1013.2722885608673	0.00022060704650357367	0.00021928106434643269	1.0	1.0	1.0	1.0
1224	1018.4209816455841	0.00022789257782278584	0.00022647104924544692	1.0	1.0	1.0	1.0
1231	1024.1433658599854	0.00021850663324585184	0.00021717604249715805	1.0	1.0	1.0	1.0
1238	1029.719075679779	0.00021583766647381708	0.0002146140905097127	1.0	1.0	1.0	1.0
1245	1035.2788443565369	0.00021305273985490204	0.00021179374016355723	1.0	1.0	1.0	1.0
1252	1040.970899105072	0.0002131216766429134	0.00021185680816415697	1.0	1.0	1.0	1.0
1258	1046.0582129955292	0.0002035924102528952	0.0002025269204750657	1.0	1.0	1.0	1.0
1265	1051.6488845348358	0.00020840705547016115	0.00020727742230519652	1.0	1.0	1.0	1.0
1272	1057.061805009842	0.00020330840343376624	0.00020210389629937708	1.0	1.0	1.0	1.0
1279	1062.6747870445251	0.00019790389342233539	0.00019680427794810385	1.0	1.0	1.0	1.0
1285	1068.2449390888214	0.00019923988729715348	0.00019808116485364735	1.0	1.0	1.0	1.0
1291	1073.9948375225067	0.0001999689789954573	0.0001989323500311002	1.0	1.0	1.0	1.0
1298	1079.334227323532	0.00019601414387580008	0.00019487796816974878	1.0	1.0	1.0	1.0
1304	1084.7036983966827	0.00019672218622872608	0.00019572197925299406	1.0	1.0	1.0	1.0
1310	1090.3053796291351	0.00019726252066902818	0.0001962989626917988	1.0	1.0	1.0	1.0
1316	1095.5716745853424	0.00019389009539736435	0.00019291762146167457	1.0	1.0	1.0	1.0
1322	1100.8778977394104	0.00017750541301211344	0.00017655731062404811	1.0	1.0	1.0	1.0
1329	1106.451936006546	0.00018776819779304789	0.00018694816390052438	1.0	1.0	1.0	1.0
1336	1112.379402399063	0.0001733384997351095	0.000172396597918123	1.0	1.0	1.0	1.0
1343	1118.1007933616638	0.00017926272557815538	0.00017835975449997932	1.0	1.0	1.0	1.0
1350	1123.7514200210571	0.0001829814209486358	0.0001821295591071248	1.0	1.0	1.0	1.0
1356	1128.8948259353638	0.00017553632351337002	0.0001745986519381404	1.0	1.0	1.0	1.0
1363	1134.3871366977692	0.0001697907238849439	0.00016900514310691506	1.0	1.0	1.0	1.0
1370	1140.1820766925812	0.00016749781061662362	0.0001666290481807664	1.0	1.0	1.0	1.0
1377	1145.87788271904	0.00017665363120613622	0.0001758706639520824	1.0	1.0	1.0	1.0
1383	1151.8404471874237	0.00016406342765549198	0.00016319467977155	1.0	1.0	1.0	1.0
1389	1157.080885887146	0.00017493525228928775	0.00017413367459084839	1.0	1.0	1.0	1.0
1396	1162.773057937622	0.00016515190072823317	0.00016435960424132645	1.0	1.0	1.0	1.0
1403	1168.5208094120026	0.000159413181245327	0.0001586178841535002	1.0	1.0	1.0	1.0
1410	1174.147890329361	0.00016160677623702215	0.00016098011110443622	1.0	1.0	1.0	1.0
1417	1179.5718727111816	0.00016156413330463694	0.00016081574722193182	1.0	1.0	1.0	1.0
1423	1184.6208412647247	0.00016931315185502173	0.00016855985450092703	1.0	1.0	1.0	1.0
1430	1189.9584481716156	0.0001688246542471461	0.0001682067522779107	1.0	1.0	1.0	1.0
1437	1195.6036539077759	0.00015693980676587672	0.0001564373233122751	1.0	1.0	1.0	1.0
1444	1201.3400955200195	0.00014989257615525276	0.00014918677334208041	1.0	1.0	1.0	1.0
1450	1206.481017112732	0.00015021045837784188	0.00014951165940146893	1.0	1.0	1.0	1.0
1457	1212.1930346488953	0.00014476241922238843	0.00014409245341084898	1.0	1.0	1.0	1.0
1464	1217.7184019088745	0.00014781728823436426	0.00014711212133988738	1.0	1.0	1.0	1.0
1471	1223.2224595546722	0.0001531846675788984	0.00015259931387845427	1.0	1.0	1.0	1.0
1477	1228.5774030685425	0.0001452000651624985	0.00014465497224591672	1.0	1.0	1.0	1.0
1483	1234.6550080776215	0.00014647233474534007	0.00014588756312150508	1.0	1.0	1.0	1.0
1490	1240.1358294487	0.00014223116741050035	0.00014161579019855708	1.0	1.0	1.0	1.0
1497	1245.5231273174286	0.00014806987310294064	0.00014745951921213418	1.0	1.0	1.0	1.0
1504	1251.0706775188446	0.00013845264038536698	0.0001378719025524333	1.0	1.0	1.0	1.0
1511	1256.749481678009	0.0001359544534352608	0.00013533617311622947	1.0	1.0	1.0	1.0
1518	1262.3954849243164	0.00013672730565303937	0.00013623354607261717	1.0	1.0	1.0	1.0
1525	1268.2361469268799	0.00013193721388233827	0.00013145199045538902	1.0	1.0	1.0	1.0
1532	1273.688158750534	0.00014071439363760874	0.00014027034922037274	1.0	1.0	1.0	1.0
1539	1279.068836927414	0.00014252719702199102	0.0001420384069206193	1.0	1.0	1.0	1.0
1546	1284.757770061493	0.0001281844437471591	0.00012778617383446544	1.0	1.0	1.0	1.0
1552	1289.8597476482391	0.00013292417716002092	0.00013241980923339725	1.0	1.0	1.0	1.0
1559	1295.668067932129	0.0001285007136175409	0.0001280477299587801	1.0	1.0	1.0	1.0
1566	1301.425418138504	0.0001269276690436527	0.00012649544805753976	1.0	1.0	1.0	1.0
1573	1307.1441571712494	0.0001278833588003181	0.0001275063114007935	1.0	1.0	1.0	1.0
1579	1312.7221043109894	0.000129081193881575	0.0001287116901949048	1.0	1.0	1.0	1.0
1585	1318.3170669078827	0.00012595082662301139	0.00012560519098769873	1.0	1.0	1.0	1.0
1592	1323.902717590332	0.00013047071697656066	0.00013010839757043868	1.0	1.0	1.0	1.0
1599	1329.7047214508057	0.0001207320332468953	0.00012035436520818621	1.0	1.0	1.0	1.0
1606	1335.2478981018066	0.00012431778304744512	0.00012389379844535142	1.0	1.0	1.0	1.0
1613	1341.247463464737	0.00012138027159380727	0.00012100137973902747	1.0	1.0	1.0	1.0
1620	1346.777638912201	0.00012053166428813711	0.00012020664871670306	1.0	1.0	1.0	1.0
1627	1352.5311596393585	0.00011814983663498424	0.00011780152999563143	1.0	1.0	1.0	1.0
1634	1357.9982464313507	0.00012045144321746193	0.00012012056686216965	1.0	1.0	1.0	1.0
1641	1363.5975105762482	0.0001214548945426941	0.00012115707068005577	1.0	1.0	1.0	1.0
1647	1368.807196855545	0.00011137392357341014	0.0001110107550630346	1.0	1.0	1.0	1.0
1654	1374.315538406372	0.00011779044871218503	0.00011749237455660477	1.0	1.0	1.0	1.0
1661	1380.1165034770966	0.00011606530024437234	0.00011580728460103273	1.0	1.0	1.0	1.0
1668	1385.6946413516998	0.00011721427508746274	0.0001169597016996704	1.0	1.0	1.0	1.0
1674	1391.3071556091309	0.00011703180935001001	0.00011675216956064105	1.0	1.0	1.0	1.0
1680	1397.1410779953003	0.00011090400512330234	0.00011065773287555203	1.0	1.0	1.0	1.0
1686	1402.910939693451	0.00010833657579496504	0.0001080743531929329	1.0	1.0	1.0	1.0
1693	1408.602590084076	0.00010538258575252258	0.00010512510198168457	1.0	1.0	1.0	1.0
1699	1413.6188943386078	0.00010386150097474456	0.0001035843015415594	1.0	1.0	1.0	1.0
1706	1419.10200548172	0.00010978743302985095	0.00010961741645587608	1.0	1.0	1.0	1.0
1712	1424.2026627063751	0.0001054507534718141	0.00010517813643673435	1.0	1.0	1.0	1.0
1719	1429.6280703544617	0.00010706385583034717	0.00010686127643566579	1.0	1.0	1.0	1.0
1725	1434.6320159435272	0.00010312761150998995	0.00010286799079040065	1.0	1.0	1.0	1.0
1732	1439.971704006195	0.00010309640056220815	0.00010289932106388733	1.0	1.0	1.0	1.0
1739	1445.6384799480438	0.00010413570489617996	0.0001040223432937637	1.0	1.0	1.0	1.0
1745	1450.8460972309113	0.0001016470130707603	0.00010142955579794943	1.0	1.0	1.0	1.0
1752	1456.4426958560944	0.00010345587797928603	0.00010325845505576581	1.0	1.0	1.0	1.0
1759	1461.9591579437256	0.00010149892186746002	0.00010129061411134899	1.0	1.0	1.0	1.0
1765	1466.9889013767242	0.00010074842721223831	0.00010052700963569805	1.0	1.0	1.0	1.0
1771	1472.4907760620117	9.741105459397659e-05	9.722411050461233e-05	1.0	1.0	1.0	1.0
1777	1477.7845520973206	9.97246002953034e-05	9.951845277100801e-05	1.0	1.0	1.0	1.0
1783	1482.9214317798615	9.509457158856094e-05	9.489565854892135e-05	1.0	1.0	1.0	1.0
1790	1488.6069076061249	9.246302870451473e-05	9.230826253769919e-05	1.0	1.0	1.0	1.0
1797	1494.3001692295074	9.795712103368715e-05	9.778655658010393e-05	1.0	1.0	1.0	1.0
1804	1499.7549526691437	9.539377788314596e-05	9.525335917714983e-05	1.0	1.0	1.0	1.0
1810	1504.8963661193848	9.246298868674785e-05	9.234837489202619e-05	1.0	1.0	1.0	1.0
1817	1510.4687526226044	9.623143050703221e-05	9.635721653467044e-05	1.0	1.0	1.0	1.0
1824	1516.172693490982	8.97756704944186e-05	8.966604946181178e-05	1.0	1.0	1.0	1.0
1831	1521.7861378192902	9.29474161239341e-05	9.283665713155642e-05	1.0	1.0	1.0	1.0
1838	1527.311007976532	9.175537343253382e-05	9.164170478470623e-05	1.0	1.0	1.0	1.0
1844	1532.5699427127838	9.351470653200522e-05	9.340720134787261e-05	1.0	1.0	1.0	1.0
1851	1538.4534261226654	8.62956170749385e-05	8.616689592599869e-05	1.0	1.0	1.0	1.0
1857	1543.5267810821533	8.480869655613787e-05	8.46619950607419e-05	1.0	1.0	1.0	1.0
1863	1548.692481994629	9.24102270801086e-05	9.239609062206e-05	1.0	1.0	1.0	1.0
1869	1554.2952239513397	8.378431157325396e-05	8.366152178496122e-05	1.0	1.0	1.0	1.0
1875	1559.76646900177	8.895730861695484e-05	8.890293975127861e-05	1.0	1.0	1.0	1.0
1882	1565.480812549591	8.23120353743434e-05	8.216982678277418e-05	1.0	1.0	1.0	1.0
1889	1571.2417633533478	8.204486439353787e-05	8.191442611860111e-05	1.0	1.0	1.0	1.0
1896	1576.9268205165863	8.617234125267715e-05	8.613205864094198e-05	1.0	1.0	1.0	1.0
1903	1582.574254989624	8.532840365660377e-05	8.52317753015086e-05	1.0	1.0	1.0	1.0
1910	1588.4369876384735	8.093616415862926e-05	8.082136628217995e-05	1.0	1.0	1.0	1.0
1917	1594.1683654785156	8.064247449510731e-05	8.061177504714578e-05	1.0	1.0	1.0	1.0
1924	1599.7011103630066	8.250478713307531e-05	8.25108218123205e-05	1.0	1.0	1.0	1.0
1931	1605.3663198947906	7.89555473602377e-05	7.890446431702003e-05	1.0	1.0	1.0	1.0
1937	1610.4483714103699	7.92596758401487e-05	7.92239879956469e-05	1.0	1.0	1.0	1.0
1943	1615.6295075416565	8.214175904868171e-05	8.214211266022176e-05	1.0	1.0	1.0	1.0
1950	1621.1913285255432	7.641935808351264e-05	7.635680958628654e-05	1.0	1.0	1.0	1.0
1957	1626.839903831482	7.899927222752013e-05	7.898864714661613e-05	1.0	1.0	1.0	1.0
1963	1632.420303106308	7.807983129168861e-05	7.804680353729054e-05	1.0	1.0	1.0	1.0
1969	1637.6851348876953	8.09086770459544e-05	8.093928772723302e-05	1.0	1.0	1.0	1.0
1975	1642.8497474193573	7.302965968847275e-05	7.29780294932425e-05	1.0	1.0	1.0	1.0
1982	1648.4301607608795	7.526555637014099e-05	7.520947110606357e-05	1.0	1.0	1.0	1.0
1989	1654.1847932338715	7.61461393267382e-05	7.617941446369514e-05	1.0	1.0	1.0	1.0
1996	1659.7277700901031	7.627362647326663e-05	7.628258754266426e-05	1.0	1.0	1.0	1.0
2003	1665.4923503398895	7.326109553105198e-05	7.330736116273329e-05	1.0	1.0	1.0	1.0
2010	1671.0005118846893	7.595503266202287e-05	7.59406466386281e-05	1.0	1.0	1.0	1.0
2017	1676.442181110382	7.092014348017984e-05	7.089993596309796e-05	1.0	1.0	1.0	1.0
2024	1682.0653450489044	7.854284704080784e-05	7.866445957915857e-05	1.0	1.0	1.0	1.0
2031	1687.8135318756104	7.173275953391567e-05	7.173591438913718e-05	1.0	1.0	1.0	1.0
2038	1693.5783655643463	7.024901060503908e-05	7.031441782601178e-05	1.0	1.0	1.0	1.0
2044	1698.6823511123657	7.048355764709413e-05	7.052671571727842e-05	1.0	1.0	1.0	1.0
2050	1703.9882156848907	7.064845412969589e-05	7.067451224429533e-05	1.0	1.0	1.0	1.0
2056	1709.9286913871765	6.92240944772493e-05	6.930845847819e-05	1.0	1.0	1.0	1.0
2062	1715.4152455329895	7.289511995622888e-05	7.30192696209997e-05	1.0	1.0	1.0	1.0
2068	1720.9735760688782	6.601619461434894e-05	6.603545625694096e-05	1.0	1.0	1.0	1.0
2074	1726.4349896907806	6.963577252463438e-05	6.972425035201013e-05	1.0	1.0	1.0	1.0
2080	1731.4918859004974	6.754116184310987e-05	6.756632501492277e-05	1.0	1.0	1.0	1.0
2087	1737.2028303146362	6.71045738272369e-05	6.71978632453829e-05	1.0	1.0	1.0	1.0
2094	1743.0108768939972	6.656099067186006e-05	6.664335523964837e-05	1.0	1.0	1.0	1.0
2101	1748.702374458313	6.7272375599714e-05	6.73761751386337e-05	1.0	1.0	1.0	1.0
2107	1753.8663158416748	6.731381072313526e-05	6.738893716828898e-05	1.0	1.0	1.0	1.0
2114	1759.3652222156525	6.99672476912383e-05	7.013148569967598e-05	1.0	1.0	1.0	1.0
2121	1764.9104235172272	6.579567634616979e-05	6.589313125004992e-05	1.0	1.0	1.0	1.0
2128	1770.4601714611053	6.289445082074963e-05	6.295174534898251e-05	1.0	1.0	1.0	1.0
2135	1776.156637430191	6.425831015803851e-05	6.438945274567232e-05	1.0	1.0	1.0	1.0
2141	1781.259234905243	6.506695863208734e-05	6.520932220155373e-05	1.0	1.0	1.0	1.0
2148	1786.953956604004	6.16561886999989e-05	6.174280133564025e-05	1.0	1.0	1.0	1.0
2154	1792.1819009780884	6.329034149530344e-05	6.339917308650911e-05	1.0	1.0	1.0	1.0
2160	1797.679283618927	6.214217901288067e-05	6.226435652934015e-05	1.0	1.0	1.0	1.0
2166	1802.7269160747528	6.1021285728202204e-05	6.116434087743983e-05	1.0	1.0	1.0	1.0
2172	1808.1708869934082	6.200599309522659e-05	6.215336179593578e-05	1.0	1.0	1.0	1.0
2179	1813.7473027706146	6.038691280991771e-05	6.050792580936104e-05	1.0	1.0	1.0	1.0
2186	1819.3504972457886	5.9709684137487784e-05	5.982200673315674e-05	1.0	1.0	1.0	1.0
2193	1824.6671135425568	6.15861779806437e-05	6.173019937705249e-05	1.0	1.0	1.0	1.0
2200	1829.9085021018982	6.607436807826161e-05	6.638535705860704e-05	1.0	1.0	1.0	1.0
2206	1835.1508448123932	5.9270599376759495e-05	5.937360765528865e-05	1.0	1.0	1.0	1.0
2213	1840.9291305541992	5.6654334548511544e-05	5.680114554706961e-05	1.0	1.0	1.0	1.0
2220	1846.7586233615875	5.7988745174952784e-05	5.817881174152717e-05	1.0	1.0	1.0	1.0
2227	1852.5023109912872	5.9098742713104006e-05	5.9298672567820176e-05	1.0	1.0	1.0	1.0
2234	1857.8776121139526	5.935468579991721e-05	5.9573398175416514e-05	1.0	1.0	1.0	1.0
2241	1863.730489730835	5.6539450815762395e-05	5.670608879881911e-05	1.0	1.0	1.0	1.0
2247	1868.782655954361	5.4819737488287505e-05	5.4983342124614865e-05	1.0	1.0	1.0	1.0
2253	1874.5372169017792	5.737685132771731e-05	5.759218765888363e-05	1.0	1.0	1.0	1.0
2259	1879.9789988994598	5.636617497657426e-05	5.654995402437635e-05	1.0	1.0	1.0	1.0
2266	1885.6884262561798	5.70021500607254e-05	5.724704897147603e-05	1.0	1.0	1.0	1.0
2272	1890.8333065509796	5.631220446957741e-05	5.6635843066032976e-05	1.0	1.0	1.0	1.0
2279	1896.4752113819122	5.278168137010653e-05	5.293892172630876e-05	1.0	1.0	1.0	1.0
2286	1902.1093332767487	5.403560026024934e-05	5.42173620488029e-05	1.0	1.0	1.0	1.0
2293	1907.5784168243408	5.5446200713049626e-05	5.5669810535619035e-05	1.0	1.0	1.0	1.0
2300	1913.3109240531921	5.459969797811937e-05	5.48197167518083e-05	1.0	1.0	1.0	1.0
2306	1918.5379090309143	5.2773685092688544e-05	5.297398456605151e-05	1.0	1.0	1.0	1.0
2313	1924.2309987545013	5.36260584340198e-05	5.390369187807664e-05	1.0	1.0	1.0	1.0
2320	1929.8250575065613	5.7289433243568055e-05	5.758813495049253e-05	1.0	1.0	1.0	1.0
2327	1935.4797670841217	5.102384529891424e-05	5.1213541155448183e-05	1.0	1.0	1.0	1.0
2333	1940.5908272266388	5.2285017591202636e-05	5.257243537926115e-05	1.0	1.0	1.0	1.0
2340	1946.3580296039581	5.1930770860053604e-05	5.21566835232079e-05	1.0	1.0	1.0	1.0
2346	1951.6419050693512	4.913573575322517e-05	4.9355014198226854e-05	1.0	1.0	1.0	1.0
2352	1957.0821704864502	5.270111942081712e-05	5.29427888977807e-05	1.0	1.0	1.0	1.0
2358	1962.3118968009949	5.140714383742307e-05	5.1685430662473664e-05	1.0	1.0	1.0	1.0
2365	1967.8065979480743	4.910578718408942e-05	4.934129538014531e-05	1.0	1.0	1.0	1.0
2371	1972.8082194328308	5.257144002825953e-05	5.288163083605468e-05	1.0	1.0	1.0	1.0
2378	1978.5352597236633	4.94668580358848e-05	4.9743532144930214e-05	1.0	1.0	1.0	1.0
2385	1984.015014410019	5.0910629579448144e-05	5.122568109072745e-05	1.0	1.0	1.0	1.0
2392	1989.36363697052	5.201530511840247e-05	5.239971505943686e-05	1.0	1.0	1.0	1.0
2399	1995.1424043178558	4.747472739836667e-05	4.773785258294083e-05	1.0	1.0	1.0	1.0
2405	2000.3214342594147	4.879674670519308e-05	4.90960301249288e-05	1.0	1.0	1.0	1.0
2412	2005.971170425415	4.890638119832147e-05	4.9251513701165095e-05	1.0	1.0	1.0	1.0
2418	2011.1011424064636	4.79099227959523e-05	4.8218320443993434e-05	1.0	1.0	1.0	1.0
2424	2016.683393239975	4.9365052473149265e-05	4.9747184675652534e-05	1.0	1.0	1.0	1.0
2430	2022.2485280036926	4.8450698886881587e-05	4.8783851525513455e-05	1.0	1.0	1.0	1.0
2436	2027.2676763534546	4.858452120970469e-05	4.900321800960228e-05	1.0	1.0	1.0	1.0
2443	2033.0631625652313	4.717262854683213e-05	4.7535992052871734e-05	1.0	1.0	1.0	1.0
2449	2038.9288749694824	4.566833122225944e-05	4.603623165166937e-05	1.0	1.0	1.0	1.0
2455	2044.0300323963165	4.549327495624312e-05	4.5842760300729424e-05	1.0	1.0	1.0	1.0
2462	2049.566134929657	4.638745376723819e-05	4.676059688790701e-05	1.0	1.0	1.0	1.0
2469	2055.4862954616547	4.454413501662203e-05	4.490035280468874e-05	1.0	1.0	1.0	1.0
2476	2061.210545063019	4.506180557655171e-05	4.546317722997628e-05	1.0	1.0	1.0	1.0
2483	2066.9500544071198	4.480797870201059e-05	4.5175664126873016e-05	1.0	1.0	1.0	1.0
2489	2072.2372086048126	4.4928164788871074e-05	4.5333068555919454e-05	1.0	1.0	1.0	1.0
2496	2077.899619102478	4.386494911159389e-05	4.419292599777691e-05	1.0	1.0	1.0	1.0
2502	2083.0980336666107	4.386892287584488e-05	4.425574297783896e-05	1.0	1.0	1.0	1.0
2509	2088.730949640274	4.3634320536511954e-05	4.405052459333092e-05	1.0	1.0	1.0	1.0
2516	2094.3616173267365	4.265697098162491e-05	4.3011044908780605e-05	1.0	1.0	1.0	1.0
2523	2099.9704115390778	4.2601093446137385e-05	4.302012894186191e-05	1.0	1.0	1.0	1.0
2530	2105.5862452983856	4.406594962347299e-05	4.4556065404322e-05	1.0	1.0	1.0	1.0
2537	2111.305949449539	4.279865606804378e-05	4.325624104239978e-05	1.0	1.0	1.0	1.0
2543	2116.8079874515533	4.244054980517831e-05	4.2903215216938406e-05	1.0	1.0	1.0	1.0
2549	2122.2433059215546	4.0386597902397625e-05	4.077949415659532e-05	1.0	1.0	1.0	1.0
2556	2127.9491171836853	4.195234287180938e-05	4.241444185026921e-05	1.0	1.0	1.0	1.0
2563	2133.637553691864	4.259978777554352e-05	4.3108138925163075e-05	1.0	1.0	1.0	1.0
2569	2138.7210919857025	4.36805363278836e-05	4.422576603246853e-05	1.0	1.0	1.0	1.0
2576	2144.382808446884	4.189307946944609e-05	4.2380790546303615e-05	1.0	1.0	1.0	1.0
2582	2149.524052619934	3.8730869709979744e-05	3.9136753912316635e-05	1.0	1.0	1.0	1.0
2589	2154.930339574814	4.071083130838816e-05	4.1180439438903704e-05	1.0	1.0	1.0	1.0
2596	2160.5372314453125	4.016131606476847e-05	4.0645103581482545e-05	1.0	1.0	1.0	1.0
2602	2165.655648469925	4.065435387019534e-05	4.117369826417416e-05	1.0	1.0	1.0	1.0
2609	2171.155736923218	4.114517141715624e-05	4.170285683358088e-05	1.0	1.0	1.0	1.0
2616	2176.8707661628723	3.8714062975486746e-05	3.919210939784534e-05	1.0	1.0	1.0	1.0
2623	2182.2886879444122	4.057339756400325e-05	4.1138115193462e-05	1.0	1.0	1.0	1.0
2630	2188.057998895645	3.902054922946263e-05	3.9543858292745426e-05	1.0	1.0	1.0	1.0
2636	2193.5706503391266	3.7138251354917887e-05	3.761562402360141e-05	1.0	1.0	1.0	1.0
2642	2199.101615667343	3.853445923596155e-05	3.9083617593860254e-05	1.0	1.0	1.0	1.0
2648	2204.213986635208	3.9325297257164495e-05	3.9875922084320337e-05	1.0	1.0	1.0	1.0
2655	2209.878488302231	3.7445938505698e-05	3.793750875047408e-05	1.0	1.0	1.0	1.0
2662	2215.436742544174	3.736489379662089e-05	3.789258698816411e-05	1.0	1.0	1.0	1.0
2668	2220.5054535865784	3.799457190325484e-05	3.858068157569505e-05	1.0	1.0	1.0	1.0
2675	2226.0396258831024	3.8403794678743e-05	3.899490548064932e-05	1.0	1.0	1.0	1.0
2682	2231.7014627456665	3.689778859552462e-05	3.747732989722863e-05	1.0	1.0	1.0	1.0
2689	2237.3480117321014	3.718213993124664e-05	3.776754965656437e-05	1.0	1.0	1.0	1.0
2696	2242.677981853485	3.521732360241004e-05	3.566014493117109e-05	1.0	1.0	1.0	1.0
2702	2247.9450464248657	3.367619119671872e-05	3.393375300220214e-05	1.0	1.0	1.0	1.0
2709	2253.445616006851	3.3447401074226944e-05	3.344565993756987e-05	1.0	1.0	1.0	1.0
2716	2259.032557249069	3.0922660516807814e-05	3.083881892962381e-05	1.0	1.0	1.0	1.0
2723	2264.7443294525146	3.156484126520809e-05	3.1466192012885585e-05	1.0	1.0	1.0	1.0
2730	2270.4112832546234	3.1315552223532e-05	3.119285611319356e-05	1.0	1.0	1.0	1.0
2736	2276.305643796921	2.9800179436278996e-05	2.9640736102010123e-05	1.0	1.0	1.0	1.0
2742	2281.9740595817566	2.8817226120736453e-05	2.866194336093031e-05	1.0	1.0	1.0	1.0
2749	2287.854903936386	2.802391572913621e-05	2.783962554531172e-05	1.0	1.0	1.0	1.0
2756	2293.421382665634	2.7741381745727268e-05	2.757500442385208e-05	1.0	1.0	1.0	1.0
2763	2299.228221654892	2.650026544870343e-05	2.629057598824147e-05	1.0	1.0	1.0	1.0
2769	2304.4756994247437	2.7139879421156365e-05	2.6964378776028752e-05	1.0	1.0	1.0	1.0
2776	2310.0369975566864	2.7069803036283704e-05	2.6842915758606978e-05	1.0	1.0	1.0	1.0
2782	2315.5097830295563	2.60725993939559e-05	2.585158472356852e-05	1.0	1.0	1.0	1.0
2788	2320.8561103343964	2.583998375484953e-05	2.5617027858970687e-05	1.0	1.0	1.0	1.0
2794	2326.2876567840576	2.6266675922670403e-05	2.603752182039898e-05	1.0	1.0	1.0	1.0
2799	2331.4348678588867	2.5023586204042658e-05	2.4797562218736857e-05	1.0	1.0	1.0	1.0
2806	2337.0467081069946	2.487220808689017e-05	2.4633423890918493e-05	1.0	1.0	1.0	1.0
2813	2342.781498193741	2.435495098325191e-05	2.412523281236645e-05	1.0	1.0	1.0	1.0
2820	2348.091688156128	2.6405165954201948e-05	2.618375583551824e-05	1.0	1.0	1.0	1.0
2827	2353.6215579509735	2.395577594143106e-05	2.373234929109458e-05	1.0	1.0	1.0	1.0
2832	2358.6472566127777	2.4018198200792543e-05	2.3776017769705504e-05	1.0	1.0	1.0	1.0
2838	2363.8002247810364	2.5327256844320802e-05	2.507543467800133e-05	1.0	1.0	1.0	1.0
2845	2369.5653297901154	2.2880907272337937e-05	2.2635278583038598e-05	1.0	1.0	1.0	1.0
2851	2374.5913372039795	2.3452552341041155e-05	2.3195021640276536e-05	1.0	1.0	1.0	1.0
2858	2380.430165052414	2.2317121693049558e-05	2.2059748516767286e-05	1.0	1.0	1.0	1.0
2865	2386.4486277103424	2.29323013627436e-05	2.268381831527222e-05	1.0	1.0	1.0	1.0
2872	2391.917542695999	2.2493641154142097e-05	2.222509829152841e-05	1.0	1.0	1.0	1.0
2879	2397.5448048114777	2.323019416508032e-05	2.2941607312532142e-05	1.0	1.0	1.0	1.0
2886	2403.1876425743103	2.2828321561974008e-05	2.2571877707378007e-05	1.0	1.0	1.0	1.0
2893	2408.957865715027	2.2782696942158512e-05	2.2497355530504137e-05	1.0	1.0	1.0	1.0
2899	2414.1963925361633	2.270710174343549e-05	2.2437396182795055e-05	1.0	1.0	1.0	1.0
2906	2419.9778056144714	2.1459294657688588e-05	2.11823880817974e-05	1.0	1.0	1.0	1.0
2913	2425.723577260971	2.272717101732269e-05	2.2467338567366824e-05	1.0	1.0	1.0	1.0
2919	2430.756760120392	2.200036215072032e-05	2.1714229660574347e-05	1.0	1.0	1.0	1.0
2925	2436.374040365219	2.101088502968196e-05	2.0762025087606162e-05	1.0	1.0	1.0	1.0
2930	2441.38343167305	2.1798464877065272e-05	2.150588625227101e-05	1.0	1.0	1.0	1.0
2936	2446.3974528312683	2.1153653869987467e-05	2.0849480279139243e-05	1.0	1.0	1.0	1.0
2943	2452.140735387802	2.1998526608513203e-05	2.1692081645596772e-05	1.0	1.0	1.0	1.0
2950	2457.5101974010468	2.3124192011891864e-05	2.2817654098616913e-05	1.0	1.0	1.0	1.0
2957	2463.2254865169525	2.1130902314325795e-05	2.084992956952192e-05	1.0	1.0	1.0	1.0
2963	2468.244765520096	2.1812059821968435e-05	2.1528952856897376e-05	1.0	1.0	1.0	1.0
2970	2473.7738955020905	2.121088418789441e-05	2.0922057956340723e-05	1.0	1.0	1.0	1.0
2977	2479.3903896808624	2.0711557226604782e-05	2.0429659343790263e-05	1.0	1.0	1.0	1.0
2984	2485.1802985668182	2.0858241077803542e-05	2.0563744328683242e-05	1.0	1.0	1.0	1.0
2991	2490.899379491806	2.0467867034312804e-05	2.0195224351482466e-05	1.0	1.0	1.0	1.0
2997	2496.166677236557	2.0581572789524218e-05	2.0318655515438877e-05	1.0	1.0	1.0	1.0
3004	2501.796823501587	2.1284589456627147e-05	2.0973588107153773e-05	1.0	1.0	1.0	1.0
3011	2507.3070015907288	2.028407543548383e-05	2.000704080273863e-05	1.0	1.0	1.0	1.0
3018	2512.6063685417175	2.0142622270213908e-05	1.9851098841172643e-05	1.0	1.0	1.0	1.0
3024	2517.920492887497	2.0695385319413618e-05	2.0406669136718847e-05	1.0	1.0	1.0	1.0
3030	2523.8602197170258	1.9395472736505327e-05	1.9129865904687904e-05	1.0	1.0	1.0	1.0
3037	2529.5030450820923	2.082677328871796e-05	2.049675094895065e-05	1.0	1.0	1.0	1.0
3044	2535.1883630752563	2.0296778893680314e-05	1.9978353520855308e-05	1.0	1.0	1.0	1.0
3051	2540.7396228313446	1.976098064915277e-05	1.9499797417665832e-05	1.0	1.0	1.0	1.0
3057	2545.911185026169	1.8812476992025043e-05	1.8565999198472127e-05	1.0	1.0	1.0	1.0
3063	2551.1212475299835	1.92791534573189e-05	1.9001388864126056e-05	1.0	1.0	1.0	1.0
3069	2556.1355566978455	1.945496569533134e-05	1.921485636557918e-05	1.0	1.0	1.0	1.0
3076	2561.779368162155	2.05908798307064e-05	2.0286470316932537e-05	1.0	1.0	1.0	1.0
3083	2567.3903827667236	1.929610189108644e-05	1.9029106624657288e-05	1.0	1.0	1.0	1.0
3090	2573.0733664035797	1.898407699627569e-05	1.8735459889285266e-05	1.0	1.0	1.0	1.0
3096	2578.2173438072205	1.867230821517296e-05	1.8443392036715522e-05	1.0	1.0	1.0	1.0
3103	2583.8666219711304	1.85010921995854e-05	1.8234626622870564e-05	1.0	1.0	1.0	1.0
3109	2588.8734517097473	1.871365784609225e-05	1.849496220529545e-05	1.0	1.0	1.0	1.0
3116	2594.2840576171875	1.868813269538805e-05	1.841604898800142e-05	1.0	1.0	1.0	1.0
3122	2600.1029176712036	1.8924422147392764e-05	1.8663686205400154e-05	1.0	1.0	1.0	1.0
3128	2605.650380373001	1.8125068163499235e-05	1.7873169781523757e-05	1.0	1.0	1.0	1.0
3135	2611.2602331638336	1.806330583349336e-05	1.7804955859901384e-05	1.0	1.0	1.0	1.0
3141	2616.304721593857	1.7891595962282737e-05	1.7652526366873644e-05	1.0	1.0	1.0	1.0
3147	2621.684818983078	1.8298997929377947e-05	1.8048509446089156e-05	1.0	1.0	1.0	1.0
3153	2627.025744199753	1.8316700879950078e-05	1.807704393286258e-05	1.0	1.0	1.0	1.0
3159	2632.12052154541	1.8512285714678003e-05	1.8255019313073717e-05	1.0	1.0	1.0	1.0
3165	2637.7358691692352	1.792363818822196e-05	1.7659647710388526e-05	1.0	1.0	1.0	1.0
3171	2643.399930000305	1.7787418983061798e-05	1.7535330698592588e-05	1.0	1.0	1.0	1.0
3178	2648.9108600616455	1.8393796017335264e-05	1.814806819311343e-05	1.0	1.0	1.0	1.0
3185	2654.4028313159943	1.8155601173930337e-05	1.789049019862432e-05	1.0	1.0	1.0	1.0
3191	2659.605086326599	1.7121572636824566e-05	1.6898980902624317e-05	1.0	1.0	1.0	1.0
3198	2665.3109781742096	1.7705261780065484e-05	1.7439693692722358e-05	1.0	1.0	1.0	1.0
3205	2670.6476974487305	1.7927070257428567e-05	1.7686881619738415e-05	1.0	1.0	1.0	1.0
3211	2675.9220395088196	1.660634043219034e-05	1.6414691344834864e-05	1.0	1.0	1.0	1.0
3217	2681.6695578098297	1.7722365737427025e-05	1.7473308616899885e-05	1.0	1.0	1.0	1.0
3223	2687.0208570957184	1.7480948554293718e-05	1.7230930097866803e-05	1.0	1.0	1.0	1.0
3230	2692.669588804245	1.6421667532995345e-05	1.6194066120078787e-05	1.0	1.0	1.0	1.0
3237	2698.2305879592896	1.6808648979349528e-05	1.6587555364822038e-05	1.0	1.0	1.0	1.0
3244	2703.775477409363	1.689773980615428e-05	1.6671752746333368e-05	1.0	1.0	1.0	1.0
3251	2709.427218914032	1.6554096873733215e-05	1.6326626791851595e-05	1.0	1.0	1.0	1.0
3257	2714.5800585746765	1.6610295097052587e-05	1.6384528862545267e-05	1.0	1.0	1.0	1.0
3264	2720.258234500885	1.594052191649098e-05	1.5724377590231597e-05	1.0	1.0	1.0	1.0
3271	2725.922116279602	1.7103416757890956e-05	1.6856571164680645e-05	1.0	1.0	1.0	1.0
3278	2731.647048473358	1.7163903430628127e-05	1.6928563127294183e-05	1.0	1.0	1.0	1.0
3285	2737.2087609767914	1.627247274882393e-05	1.605618672329001e-05	1.0	1.0	1.0	1.0
3291	2742.2578885555267	1.624535125301918e-05	1.602430893399287e-05	1.0	1.0	1.0	1.0
3298	2747.767238140106	1.7306672998529393e-05	1.7078120436053723e-05	1.0	1.0	1.0	1.0
3305	2753.2793259620667	1.6553971909161193e-05	1.6356862033717334e-05	1.0	1.0	1.0	1.0
3311	2758.4510662555695	1.628865138627589e-05	1.608117418072652e-05	1.0	1.0	1.0	1.0
3317	2763.852375268936	1.6970984870567917e-05	1.6748870621086098e-05	1.0	1.0	1.0	1.0
3323	2769.2436108589172	1.58033893967513e-05	1.5603023712174036e-05	1.0	1.0	1.0	1.0
3330	2774.9175238609314	1.6165658598765732e-05	1.5960260498104617e-05	1.0	1.0	1.0	1.0
3336	2779.9475033283234	1.5559715029667133e-05	1.536385025247e-05	1.0	1.0	1.0	1.0
3343	2785.524288892746	1.5607470231771003e-05	1.5409037587232888e-05	1.0	1.0	1.0	1.0
3350	2791.184604883194	1.5645600979041773e-05	1.5448804333573207e-05	1.0	1.0	1.0	1.0
3357	2796.941103696823	1.548314521642169e-05	1.52814118337119e-05	1.0	1.0	1.0	1.0
3364	2802.621551990509	1.5387639905384276e-05	1.5188233192020562e-05	1.0	1.0	1.0	1.0
3371	2808.3522305488586	1.546510929983924e-05	1.527454878669232e-05	1.0	1.0	1.0	1.0
3378	2814.115758895874	1.5381549928861205e-05	1.5192169485089835e-05	1.0	1.0	1.0	1.0
3385	2819.6061968803406	1.6190385576919652e-05	1.5962412362569012e-05	1.0	1.0	1.0	1.0
3391	2824.684958457947	1.557220948598115e-05	1.5390174667118117e-05	1.0	1.0	1.0	1.0
3398	2830.1820256710052	1.5057148357300322e-05	1.4861282579659019e-05	1.0	1.0	1.0	1.0
3404	2835.211696624756	1.4978050694480772e-05	1.4772846952837426e-05	1.0	1.0	1.0	1.0
3410	2840.568874835968	1.4857919632049743e-05	1.4671149983769283e-05	1.0	1.0	1.0	1.0
3416	2846.1892099380493	1.5253291530825664e-05	1.5061865269672126e-05	1.0	1.0	1.0	1.0
3422	2851.375881910324	1.5067260301293573e-05	1.4882663890602998e-05	1.0	1.0	1.0	1.0
3429	2857.1357729434967	1.4871472376398743e-05	1.468267510063015e-05	1.0	1.0	1.0	1.0
3436	2862.9355993270874	1.4414351062441712e-05	1.4214542716217693e-05	1.0	1.0	1.0	1.0
3443	2868.5162625312805	1.4725752407684922e-05	1.4544817531714216e-05	1.0	1.0	1.0	1.0
3450	2874.121838092804	1.4657663177786163e-05	1.4468694644165225e-05	1.0	1.0	1.0	1.0
3456	2879.367349386215	1.4841239590168698e-05	1.4662045941804536e-05	1.0	1.0	1.0	1.0
3463	2884.894373893738	1.4799110704188934e-05	1.461393458157545e-05	1.0	1.0	1.0	1.0
3470	2890.421868085861	1.4411974825634389e-05	1.4225359336705878e-05	1.0	1.0	1.0	1.0
3477	2895.8658409118652	1.4357575309986714e-05	1.4191990885592531e-05	1.0	1.0	1.0	1.0
3484	2901.5374891757965	1.4143914449959994e-05	1.396847528667422e-05	1.0	1.0	1.0	1.0
3490	2906.7209181785583	1.4331319198390703e-05	1.4168124835123308e-05	1.0	1.0	1.0	1.0
3497	2912.3042476177216	1.4949605247238652e-05	1.4774266674066894e-05	1.0	1.0	1.0	1.0
3504	2918.1278092861176	1.4119887509878026e-05	1.3959712305222638e-05	1.0	1.0	1.0	1.0
3510	2923.7818698883057	1.402570860591368e-05	1.3860566468792967e-05	1.0	1.0	1.0	1.0
3516	2929.3921926021576	1.4474461022473407e-05	1.4310323422250804e-05	1.0	1.0	1.0	1.0
3523	2935.157101392746	1.4259910312830472e-05	1.4073962120164651e-05	1.0	1.0	1.0	1.0
3530	2940.988909482956	1.3514614875020926e-05	1.3361795936361887e-05	1.0	1.0	1.0	1.0
3536	2946.4367825984955	1.3849745664629154e-05	1.3695007510250434e-05	1.0	1.0	1.0	1.0
3542	2952.03684425354	1.4118289891484892e-05	1.3939503332949243e-05	1.0	1.0	1.0	1.0
3548	2957.072116136551	1.4650154207629385e-05	1.4437125173571985e-05	1.0	1.0	1.0	1.0
3554	2962.128785610199	1.4471193117060467e-05	1.429313124390319e-05	1.0	1.0	1.0	1.0
3561	2967.6451292037964	1.3770656187261922e-05	1.361729209747864e-05	1.0	1.0	1.0	1.0
3568	2973.2936446666718	1.3495520761352964e-05	1.334319676971063e-05	1.0	1.0	1.0	1.0
3575	2978.670558691025	1.3735689390159679e-05	1.3572989701060578e-05	1.0	1.0	1.0	1.0
3582	2984.3563351631165	1.3198248598200735e-05	1.304340548813343e-05	1.0	1.0	1.0	1.0
3588	2989.365784406662	1.3085402588330908e-05	1.2936438906763215e-05	1.0	1.0	1.0	1.0
3595	2994.999436855316	1.334631533609354e-05	1.319307011726778e-05	1.0	1.0	1.0	1.0
3601	3000.3499834537506	1.3634417609864614e-05	1.3464247786032502e-05	1.0	1.0	1.0	1.0
3607	3005.885966539383	1.3640558790939394e-05	1.348265777778579e-05	1.0	1.0	1.0	1.0
3614	3011.8587551116943	1.3604156629298814e-05	1.3472419595927931e-05	1.0	1.0	1.0	1.0
3621	3017.548548936844	1.291327998842462e-05	1.2769601198669989e-05	1.0	1.0	1.0	1.0
3628	3023.296905040741	1.3551850770454621e-05	1.3390645108302124e-05	1.0	1.0	1.0	1.0
3635	3028.999320745468	1.292474989895709e-05	1.278091349377064e-05	1.0	1.0	1.0	1.0
3642	3034.7295780181885	1.2706065172096715e-05	1.2584262549353298e-05	1.0	1.0	1.0	1.0
3648	3039.9476704597473	1.3617530566989445e-05	1.3481632777256891e-05	1.0	1.0	1.0	1.0
3655	3045.5683419704437	1.2630186938622501e-05	1.2488604625104927e-05	1.0	1.0	1.0	1.0
3662	3051.2418863773346	1.228824285135488e-05	1.2157810488133691e-05	1.0	1.0	1.0	1.0
3668	3056.270668745041	1.2948593848705059e-05	1.2787498235411476e-05	1.0	1.0	1.0	1.0
3675	3061.911071062088	1.2723126201308333e-05	1.2591310223797336e-05	1.0	1.0	1.0	1.0
3681	3067.0683131217957	1.2755577972711763e-05	1.2615400009963196e-05	1.0	1.0	1.0	1.0
3688	3072.800897359848	1.205608341479092e-05	1.1917310985154472e-05	1.0	1.0	1.0	1.0
3695	3078.263131380081	1.2458889250410722e-05	1.2339918612269685e-05	1.0	1.0	1.0	1.0
3701	3084.1523957252502	1.2112883905501804e-05	1.1977687790931668e-05	1.0	1.0	1.0	1.0
3707	3089.565324306488	1.237304977621534e-05	1.224125753651606e-05	1.0	1.0	1.0	1.0
3714	3095.530261993408	1.3145016964699607e-05	1.2999540558666922e-05	1.0	1.0	1.0	1.0
3721	3101.267511844635	1.1881580303452212e-05	1.1751259080483578e-05	1.0	1.0	1.0	1.0
3728	3106.9446680545807	1.2296682234591573e-05	1.2162333405285608e-05	1.0	1.0	1.0	1.0
3735	3112.6031832695007	1.2650853568629829e-05	1.2513049114204478e-05	1.0	1.0	1.0	1.0
3742	3118.300700902939	1.2151370083302028e-05	1.2017700100841466e-05	1.0	1.0	1.0	1.0
3749	3124.0906162261963	1.204227892230847e-05	1.1907604857697152e-05	1.0	1.0	1.0	1.0
3756	3129.7025606632233	1.146975109804771e-05	1.1355932656442747e-05	1.0	1.0	1.0	1.0
3763	3135.311847448349	1.169007482531015e-05	1.1578380508581176e-05	1.0	1.0	1.0	1.0
3770	3140.7647330760956	1.2111019259464229e-05	1.1984754564764444e-05	1.0	1.0	1.0	1.0
3777	3146.2458460330963	1.2277626774448436e-05	1.2149030226282775e-05	1.0	1.0	1.0	1.0
3783	3151.4967091083527	1.214470275954227e-05	1.2020112080790568e-05	1.0	1.0	1.0	1.0
3790	3157.105793952942	1.1938589250348742e-05	1.1816354344773572e-05	1.0	1.0	1.0	1.0
3796	3162.3518793582916	1.138703655669815e-05	1.1270924915152136e-05	1.0	1.0	1.0	1.0
3802	3168.0247945785522	1.1957457263633842e-05	1.1839825674542226e-05	1.0	1.0	1.0	1.0
3809	3173.6237733364105	1.160082092610537e-05	1.1484266906336416e-05	1.0	1.0	1.0	1.0
3816	3179.330007791519	1.1706071200023871e-05	1.1595599062275141e-05	1.0	1.0	1.0	1.0
3822	3184.398005962372	1.1720907605194953e-05	1.1591358088480774e-05	1.0	1.0	1.0	1.0
3829	3190.099688053131	1.1290647671557963e-05	1.117337160394527e-05	1.0	1.0	1.0	1.0
3836	3195.6285858154297	1.1242448090342805e-05	1.113659527618438e-05	1.0	1.0	1.0	1.0
3843	3201.1060683727264	1.1486704715935048e-05	1.137919298344059e-05	1.0	1.0	1.0	1.0
3849	3206.1276848316193	1.1864861880894752e-05	1.1736122360161971e-05	1.0	1.0	1.0	1.0
3856	3211.6774451732635	1.1446223652455956e-05	1.133628666138975e-05	1.0	1.0	1.0	1.0
3862	3216.7328884601593	1.1232302404096119e-05	1.1115346751466859e-05	1.0	1.0	1.0	1.0
3869	3222.4233417510986	1.1362366240064149e-05	1.1238117622269783e-05	1.0	1.0	1.0	1.0
3876	3227.77809381485	1.1381339481886245e-05	1.1261367035331205e-05	1.0	1.0	1.0	1.0
3882	3233.5505814552307	1.1819983137684176e-05	1.1697328773152549e-05	1.0	1.0	1.0	1.0
3889	3239.289733171463	1.116745143008302e-05	1.1063269084843341e-05	1.0	1.0	1.0	1.0
3895	3244.9169080257416	1.1064558657380985e-05	1.095706920750672e-05	1.0	1.0	1.0	1.0
3901	3250.189000606537	1.1083271328971024e-05	1.0972252312058117e-05	1.0	1.0	1.0	1.0
3908	3256.087878227234	1.090744708562852e-05	1.0788250619953033e-05	1.0	1.0	1.0	1.0
3913	3261.266072034836	1.0710166407079669e-05	1.0603063856251538e-05	1.0	1.0	1.0	1.0
3919	3266.387323617935	1.0328166990802857e-05	1.0236100024485495e-05	1.0	1.0	1.0	1.0
3925	3271.4615738391876	1.0905307044595247e-05	1.079694447980728e-05	1.0	1.0	1.0	1.0
3932	3276.895115852356	1.1200574135727948e-05	1.1093737157352734e-05	1.0	1.0	1.0	1.0
3939	3282.758908033371	1.072902350642835e-05	1.0626717994455248e-05	1.0	1.0	1.0	1.0
3945	3287.8225445747375	1.0659519921318862e-05	1.0560351256572176e-05	1.0	1.0	1.0	1.0
3952	3293.1174128055573	1.1000138147210237e-05	1.0898224900302012e-05	1.0	1.0	1.0	1.0
3959	3298.8124706745148	1.0128461235581199e-05	1.0040703273261897e-05	1.0	1.0	1.0	1.0
3966	3304.360951900482	1.0503793691896136e-05	1.0408131856820546e-05	1.0	1.0	1.0	1.0
3972	3309.3678390979767	1.0202006342296956e-05	1.010288906400092e-05	1.0	1.0	1.0	1.0
3978	3314.6791298389435	1.0542831023485633e-05	1.0431181181047577e-05	1.0	1.0	1.0	1.0
3985	3320.091044664383	1.0547493093326921e-05	1.0452587957843207e-05	1.0	1.0	1.0	1.0
3991	3325.69766998291	1.022412898237235e-05	1.0128192116098944e-05	1.0	1.0	1.0	1.0
3997	3331.124715566635	1.07574594039761e-05	1.0648494935594499e-05	1.0	1.0	1.0	1.0
4004	3336.6890234947205	1.0151960123039317e-05	1.0050273886008654e-05	1.0	1.0	1.0	1.0
4010	3341.7130987644196	1.029573213600088e-05	1.0193261005042586e-05	1.0	1.0	1.0	1.0
4017	3347.2881295681	1.0142001701751725e-05	1.0050108357972931e-05	1.0	1.0	1.0	1.0
4024	3352.94300198555	1.0236962862109068e-05	1.0142926839762367e-05	1.0	1.0	1.0	1.0
4031	3358.4601907730103	1.0001730697695167e-05	9.90158696367871e-06	1.0	1.0	1.0	1.0
4038	3364.038820743561	1.0476634361111792e-05	1.0388166629127227e-05	1.0	1.0	1.0	1.0
4044	3369.194813489914	9.9384547866066e-06	9.854757990979124e-06	1.0	1.0	1.0	1.0
4051	3374.804639816284	1.0031120018538787e-05	9.938193215930369e-06	1.0	1.0	1.0	1.0
4058	3380.3243708610535	1.07705967820948e-05	1.0676674719434232e-05	1.0	1.0	1.0	1.0
4065	3385.917525291443	9.966770994651598e-06	9.866056643659249e-06	1.0	1.0	1.0	1.0
4072	3391.4448850154877	1.054703125191736e-05	1.0454691619088408e-05	1.0	1.0	1.0	1.0
4078	3396.759261369705	9.735432558954927e-06	9.651465916249435e-06	1.0	1.0	1.0	1.0
4084	3402.00395321846	9.843792122410378e-06	9.741022950038314e-06	1.0	1.0	1.0	1.0
4090	3407.6988365650177	1.0020469198934734e-05	9.945338206307497e-06	1.0	1.0	1.0	1.0
4096	3412.8650407791138	9.873559793049936e-06	9.789795512915589e-06	1.0	1.0	1.0	1.0
4103	3418.625545501709	9.921724085870665e-06	9.834063348534983e-06	1.0	1.0	1.0	1.0
4109	3423.7875764369965	9.592294736648911e-06	9.519692866888363e-06	1.0	1.0	1.0	1.0
4116	3429.3403055667877	9.69417915257509e-06	9.604203114577103e-06	1.0	1.0	1.0	1.0
4123	3434.9968383312225	9.611374844098464e-06	9.51716265262803e-06	1.0	1.0	1.0	1.0
4130	3440.538374185562	9.514044995739825e-06	9.433453669771552e-06	1.0	1.0	1.0	1.0
4137	3445.9939477443695	1.0348448722652393e-05	1.0247572390653659e-05	1.0	1.0	1.0	1.0
4143	3450.988978624344	9.430458976567025e-06	9.346867955173366e-06	1.0	1.0	1.0	1.0
4150	3456.5878009796143	9.685041095508496e-06	9.595833944331389e-06	1.0	1.0	1.0	1.0
4157	3462.215465784073	9.96289954855456e-06	9.87524526863126e-06	1.0	1.0	1.0	1.0
4164	3467.960047006607	9.15080054255668e-06	9.0675621322589e-06	1.0	1.0	1.0	1.0
4170	3472.9878463745117	9.0980795903306e-06	9.01278053788701e-06	1.0	1.0	1.0	1.0
4177	3478.782213449478	9.394209700985812e-06	9.30890382733196e-06	1.0	1.0	1.0	1.0
4183	3484.0864486694336	9.369042891194114e-06	9.287298780691344e-06	1.0	1.0	1.0	1.0
4189	3489.509724855423	9.263555693905802e-06	9.183238944387995e-06	1.0	1.0	1.0	1.0
4196	3495.260338306427	9.258446061721771e-06	9.172665158985183e-06	1.0	1.0	1.0	1.0
4203	3500.7498581409454	8.87117957972805e-06	8.794307177595329e-06	1.0	1.0	1.0	1.0
4209	3505.7707526683807	8.873854949342786e-06	8.799301213002764e-06	1.0	1.0	1.0	1.0
4216	3511.4315209388733	9.078722905542236e-06	9.001219041238073e-06	1.0	1.0	1.0	1.0
4222	3516.571535348892	8.722688016860048e-06	8.650061317894142e-06	1.0	1.0	1.0	1.0
4229	3522.2694957256317	8.972723480837886e-06	8.904570677259471e-06	1.0	1.0	1.0	1.0
4236	3527.865606546402	8.761993467487629e-06	8.687438821652904e-06	1.0	1.0	1.0	1.0
4242	3533.023367881775	8.949033599492395e-06	8.866794814821333e-06	1.0	1.0	1.0	1.0
4248	3538.342537164688	9.250193579646293e-06	9.17059151106514e-06	1.0	1.0	1.0	1.0
4255	3544.1490581035614	8.715115836821498e-06	8.634348887426313e-06	1.0	1.0	1.0	1.0
4262	3549.5585713386536	8.746426556172083e-06	8.669647286296822e-06	1.0	1.0	1.0	1.0
4269	3555.265165567398	8.8906369455799e-06	8.818795322440565e-06	1.0	1.0	1.0	1.0
4275	3560.28862118721	8.897863426682307e-06	8.822848030831665e-06	1.0	1.0	1.0	1.0
4281	3565.496218919754	9.026925727084745e-06	8.939680810726713e-06	1.0	1.0	1.0	1.0
4287	3571.448662996292	8.517104924976593e-06	8.438493750873022e-06	1.0	1.0	1.0	1.0
4293	3576.6809356212616	8.655212150188163e-06	8.574385901738424e-06	1.0	1.0	1.0	1.0
4300	3582.319097995758	8.356308353540954e-06	8.28619158710353e-06	1.0	1.0	1.0	1.0
4306	3587.334395170212	8.653844543005108e-06	8.583964699937496e-06	1.0	1.0	1.0	1.0
4313	3593.0449120998383	8.434129176748683e-06	8.365979738300666e-06	1.0	1.0	1.0	1.0
4320	3598.86145567894	8.110898761515273e-06	8.039924068725668e-06	1.0	1.0	1.0	1.0
4327	3604.474755525589	8.22950569272507e-06	8.165390681824647e-06	1.0	1.0	1.0	1.0
4334	3610.157104253769	8.557659202779178e-06	8.489388164889533e-06	1.0	1.0	1.0	1.0
4341	3615.8320841789246	8.492358301737114e-06	8.41188921185676e-06	1.0	1.0	1.0	1.0
4348	3621.6338605880737	8.032285222725477e-06	7.963505595398601e-06	1.0	1.0	1.0	1.0
4355	3627.1779499053955	8.485183934681118e-06	8.415082447754685e-06	1.0	1.0	1.0	1.0
4362	3632.6803784370422	8.293482824228705e-06	8.230454113800079e-06	1.0	1.0	1.0	1.0
4369	3638.421479701996	8.159012395481113e-06	8.08622280601412e-06	1.0	1.0	1.0	1.0
4375	3643.7235729694366	8.468834585073637e-06	8.39524273033021e-06	1.0	1.0	1.0	1.0
4381	3649.4315209388733	8.133141909638652e-06	8.07219748821808e-06	1.0	1.0	1.0	1.0
4387	3654.7020151615143	8.05949557616259e-06	7.988855941221118e-06	1.0	1.0	1.0	1.0
4394	3660.375079393387	8.377952508453746e-06	8.30760382086737e-06	1.0	1.0	1.0	1.0
4400	3665.506182909012	7.3980152137664845e-06	7.342963726841845e-06	1.0	1.0	1.0	1.0
4406	3670.5461201667786	8.045674712775508e-06	7.981243470567279e-06	1.0	1.0	1.0	1.0
4413	3676.3766860961914	7.745852235530037e-06	7.68071913626045e-06	1.0	1.0	1.0	1.0
4420	3682.1014564037323	7.898040348663927e-06	7.83480118116131e-06	1.0	1.0	1.0	1.0
4427	3687.841317653656	8.000015441211872e-06	7.935871508379932e-06	1.0	1.0	1.0	1.0
4434	3693.204068183899	8.187298772099895e-06	8.109827831503935e-06	1.0	1.0	1.0	1.0
4441	3698.9402232170105	7.859223933337489e-06	7.798220394761302e-06	1.0	1.0	1.0	1.0
4448	3704.486627817154	8.046005041251192e-06	7.979765541676898e-06	1.0	1.0	1.0	1.0
4455	3710.18391084671	7.956186709634495e-06	7.886142157076392e-06	1.0	1.0	1.0	1.0
4462	3715.7428884506226	7.430987307088799e-06	7.377156634902349e-06	1.0	1.0	1.0	1.0
4469	3721.4955971240997	7.932867083582095e-06	7.874794391682371e-06	1.0	1.0	1.0	1.0
4475	3726.8861203193665	7.457410310962587e-06	7.401304173981771e-06	1.0	1.0	1.0	1.0
4481	3732.4773983955383	7.471385242752149e-06	7.417101642204216e-06	1.0	1.0	1.0	1.0
4488	3738.092997789383	7.274489144037944e-06	7.212151103885844e-06	1.0	1.0	1.0	1.0
4495	3743.733488559723	7.4850135206361305e-06	7.42503971196129e-06	1.0	1.0	1.0	1.0
4501	3749.0162546634674	7.336209591812803e-06	7.274435120052658e-06	1.0	1.0	1.0	1.0
4508	3754.56098985672	7.663968926863164e-06	7.605548489664216e-06	1.0	1.0	1.0	1.0
4515	3760.339253425598	7.5338203714636625e-06	7.47645663068397e-06	1.0	1.0	1.0	1.0
4522	3765.5700330734253	7.428960952893249e-06	7.363406439253595e-06	1.0	1.0	1.0	1.0
4529	3771.169075489044	7.431710582750384e-06	7.373269454546971e-06	1.0	1.0	1.0	1.0
4535	3776.163960456848	7.749304677417967e-06	7.685502168897074e-06	1.0	1.0	1.0	1.0
4542	3781.7682452201843	7.055695505187032e-06	6.9990155679988675e-06	1.0	1.0	1.0	1.0
4549	3787.4141545295715	7.302217272808776e-06	7.248138899740297e-06	1.0	1.0	1.0	1.0
4556	3793.0493581295013	7.381739897027729e-06	7.323981208173791e-06	1.0	1.0	1.0	1.0
4563	3798.5642449855804	7.205657402664656e-06	7.15410396878724e-06	1.0	1.0	1.0	1.0
4569	3803.804188489914	7.341120226556087e-06	7.2791794991644565e-06	1.0	1.0	1.0	1.0
4575	3809.5785574913025	7.1137184022518346e-06	7.056685717543587e-06	1.0	1.0	1.0	1.0
4581	3814.669528245926	7.608443729623105e-06	7.5517932600632776e-06	1.0	1.0	1.0	1.0
4587	3819.811119556427	6.941040146557498e-06	6.8858093982271384e-06	1.0	1.0	1.0	1.0
4593	3824.8560547828674	6.975519636398531e-06	6.923110049683601e-06	1.0	1.0	1.0	1.0
4599	3829.9676325321198	7.1984425176196964e-06	7.139481567719486e-06	1.0	1.0	1.0	1.0
4606	3835.305061817169	7.111549211913371e-06	7.053318313410273e-06	1.0	1.0	1.0	1.0
4612	3840.3131754398346	6.9113789322727825e-06	6.860869234515121e-06	1.0	1.0	1.0	1.0
4618	3845.7599573135376	7.198725324997213e-06	7.139897661545547e-06	1.0	1.0	1.0	1.0
4625	3851.108993768692	7.219344433906372e-06	7.159675533330301e-06	1.0	1.0	1.0	1.0
4632	3856.655837059021	7.631491962456494e-06	7.57823909225408e-06	1.0	1.0	1.0	1.0
4638	3861.662930250168	6.978909823374124e-06	6.9265033744159155e-06	1.0	1.0	1.0	1.0
4645	3867.244448900223	6.94838463459746e-06	6.897483672219096e-06	1.0	1.0	1.0	1.0
4652	3872.871123790741	7.4363140356581425e-06	7.377146175713278e-06	1.0	1.0	1.0	1.0
4658	3878.3889198303223	6.776880491088378e-06	6.726320862071589e-06	1.0	1.0	1.0	1.0
4664	3884.030065059662	7.241633193189046e-06	7.189195457613096e-06	1.0	1.0	1.0	1.0
4669	3889.037889480591	6.677465626125923e-06	6.6284956119488925e-06	1.0	1.0	1.0	1.0
4675	3894.622134923935	6.585403480130481e-06	6.533638497785432e-06	1.0	1.0	1.0	1.0
4682	3900.117555141449	6.61076778669667e-06	6.5628123593342025e-06	1.0	1.0	1.0	1.0
4689	3905.7365026474	6.847539680165937e-06	6.793699867557734e-06	1.0	1.0	1.0	1.0
4696	3911.515243768692	6.67672798044805e-06	6.625466994591989e-06	1.0	1.0	1.0	1.0
4703	3917.3110480308533	6.615084930672311e-06	6.568666321982164e-06	1.0	1.0	1.0	1.0
4710	3922.871289253235	6.995492321948405e-06	6.93725814926438e-06	1.0	1.0	1.0	1.0
4717	3928.5188658237457	6.88258064656111e-06	6.825879154348513e-06	1.0	1.0	1.0	1.0
4724	3934.239861011505	6.546475788127282e-06	6.496647529274924e-06	1.0	1.0	1.0	1.0
4730	3939.324203968048	6.606728720726097e-06	6.5581421040405985e-06	1.0	1.0	1.0	1.0
4737	3944.8766639232635	6.627466200370691e-06	6.580013177881483e-06	1.0	1.0	1.0	1.0
4744	3950.406402349472	6.860904750283226e-06	6.808231773902662e-06	1.0	1.0	1.0	1.0
4751	3956.1951835155487	6.267236130952369e-06	6.215110261109658e-06	1.0	1.0	1.0	1.0
4758	3961.8757429122925	6.617897861360689e-06	6.56744350635563e-06	1.0	1.0	1.0	1.0
4764	3967.4981791973114	6.642296739300946e-06	6.587876669073012e-06	1.0	1.0	1.0	1.0
4770	3972.9823346138	6.575739143954707e-06	6.531331564474385e-06	1.0	1.0	1.0	1.0
4776	3978.0368094444275	6.52538060421648e-06	6.47610568194068e-06	1.0	1.0	1.0	1.0
4783	3983.712117910385	6.322301305772272e-06	6.276190106291324e-06	1.0	1.0	1.0	1.0
4790	3989.51087641716	6.368828053382458e-06	6.3176107687468175e-06	1.0	1.0	1.0	1.0
4796	3994.9028255939484	6.074307793824119e-06	6.030543318047421e-06	1.0	1.0	1.0	1.0
4803	4000.537403345108	6.366846582750441e-06	6.323977231659228e-06	1.0	1.0	1.0	1.0
4809	4005.6185829639435	6.3656265865574825e-06	6.3269872043747455e-06	1.0	1.0	1.0	1.0
4816	4011.3681049346924	6.288824306466268e-06	6.2448739299725275e-06	1.0	1.0	1.0	1.0
4823	4016.556750535965	6.618728821194964e-06	6.5670687945385e-06	1.0	1.0	1.0	1.0
4829	4021.7146151065826	6.2409734709945045e-06	6.199249128258089e-06	1.0	1.0	1.0	1.0
4836	4027.295223712921	6.058861663404969e-06	6.017212399456184e-06	1.0	1.0	1.0	1.0

-------------------------------------------------------------------------------
examples:
num_nodes_min_max_tr = (33, 63)
num_nodes_min_max_ge = (16, 33)

results:
iteration number	elapsed seconds	training loss	test/generalization loss	training fraction mse	training fraction examples solved correctly	test/generalization mse	test/generalization fraction examples solved correctly
#	T	Ltr	Lge	Ctr	Str	Cge	Sge
0	8.74604868888855	0.9194780766963959	0.7512694001197815	0.030948778906418846	0.0	0.18033282904689865	0.0
2	15.756993532180786	0.658797562122345	0.5537664294242859	0.9464030575796543	0.0	0.9719424203457637	0.0
4	22.602641105651855	0.4971915423870087	0.41679438948631287	0.9715303798398355	0.0	0.9715303798398355	0.0
6	28.876598834991455	0.3992760360240937	0.34979695081710815	0.9703819637055234	0.0	0.9703819637055234	0.0
8	36.73939323425293	0.3439799040555954	0.3073246479034424	0.9713053574390447	0.0	0.9713053574390447	0.0
10	43.97063994407654	0.30263965725898745	0.27537864446640015	0.9722162817222697	0.0	0.9722162817222697	0.0
12	50.766642332077026	0.2716058939695358	0.25334152579307556	0.970960661826777	0.0	0.970960661826777	0.0
14	57.55665469169617	0.2526017636060715	0.23816746473312378	0.9699482716150751	0.0	0.9699482716150751	0.0
16	64.00540280342102	0.2342591404914856	0.22132019698619843	0.9716270351721856	0.0	0.9716270351721856	0.0
18	70.45168399810791	0.22079781591892245	0.20962972939014435	0.9713055407362243	0.0	0.9713055407362243	0.0
20	77.0990538597107	0.20996161550283432	0.20028050243854523	0.9707230834984653	0.0	0.9707230834984653	0.0
22	83.50640487670898	0.19959432631731033	0.19121795892715454	0.9709950132460652	0.0	0.9709950132460652	0.0
24	89.75859951972961	0.18975032269954684	0.18253843486309052	0.9717292687352568	0.0	0.9717292687352568	0.0
26	96.60425758361816	0.18250702768564225	0.17633815109729767	0.9717412972055077	0.0	0.9717412972055077	0.0
28	102.59690260887146	0.18086645156145098	0.17560958862304688	0.9694988648785	0.0	0.9694988648785	0.0
30	109.56498336791992	0.17029294073581697	0.1649179309606552	0.9718415417558887	0.0	0.9718415417558887	0.0
32	115.95062470436096	0.16468268483877183	0.1590559184551239	0.9718124436429215	0.0	0.9718124436429215	0.0
34	123.37274527549744	0.15903500020504	0.15360409021377563	0.97203530858838	0.0	0.97203530858838	0.0
36	129.96616506576538	0.15726100206375124	0.15258179605007172	0.9710875019601694	0.0	0.9710875019601694	0.0
38	136.11976647377014	0.15428127944469452	0.14972463250160217	0.9712495804899877	0.0	0.9712495804899877	0.0
40	143.09241437911987	0.15231951624155046	0.1478298008441925	0.970805574699441	0.0	0.970805574699441	0.0
42	149.44712734222412	0.14868671596050262	0.1446792185306549	0.9709438083760169	0.0	0.9709438083760169	0.0
44	156.44537830352783	0.14024771600961686	0.13748548924922943	0.9731584490816931	0.0	0.9731584490816931	0.0
46	162.73735356330872	0.14311644583940505	0.14077061414718628	0.9710295562778744	0.0	0.9710295562778744	0.0
48	169.47513794898987	0.14401868730783463	0.14142248034477234	0.9696900306014115	0.0	0.9696900306014115	0.0
50	176.22216892242432	0.13545942753553392	0.13274723291397095	0.9721312629836978	0.0	0.9721312629836978	0.0
52	182.58627557754517	0.14063421934843065	0.13764972984790802	0.9691399662731872	0.0	0.9691399662731872	0.0
54	188.83787775039673	0.13606614023447036	0.1323099434375763	0.9699369046146232	0.0	0.9699369046146232	0.0
56	195.68352150917053	0.1274130828678608	0.12389982491731644	0.9721644762341003	0.0	0.9721644762341003	0.0
58	202.5657012462616	0.12717530876398087	0.12384896725416183	0.9711374266834955	0.0	0.9711374266834955	0.0
60	210.16776633262634	0.12360854223370553	0.11893380433320999	0.971490738674403	0.0	0.971490738674403	0.0
62	216.34955620765686	0.12098061442375184	0.11574725806713104	0.971599969625636	0.0	0.971599969625636	0.0
64	223.28346872329712	0.11785860508680344	0.11202386766672134	0.9717484395412977	0.0	0.9717484395412977	0.0
66	229.4779760837555	0.11762783154845238	0.11188354343175888	0.970412899095783	0.0	0.970412899095783	0.0
68	235.69982051849365	0.11556315794587135	0.10962069779634476	0.9698555881987835	0.0	0.9698555881987835	0.0
70	242.18788170814514	0.11011527329683304	0.10383279621601105	0.9710027414185876	0.0	0.9710027414185876	0.0
72	248.5429813861847	0.10622120052576066	0.09988046437501907	0.9714470284237726	0.0	0.9714470284237726	0.0
74	254.88476753234863	0.10578244253993035	0.09928318113088608	0.9701371089141136	0.0	0.9701371089141136	0.0
76	261.1439964771271	0.1009818769991398	0.09440381824970245	0.9709016861416664	0.0	0.9709016861416664	0.0
78	268.4657473564148	0.09362924247980119	0.08500276505947113	0.9726748943133778	0.0	0.9726748943133778	0.0
80	275.26659989356995	0.08750900775194169	0.07413920760154724	0.9713210054257557	0.0	0.9713210054257557	0.0
82	282.09909534454346	0.07645751237869264	0.06293515861034393	0.9694361384023922	0.0	0.9747970952584366	0.0
84	289.0162148475647	0.06515398621559143	0.05314641073346138	0.9877819548872181	0.0	0.9983121067976063	0.09375
86	294.64007353782654	0.057990955933928494	0.04736732691526413	0.9999375468398701	0.90625	1.0	1.0
88	301.2985329627991	0.0523555338382721	0.04387190192937851	1.0	1.0	1.0	1.0
90	307.34483766555786	0.04963303171098232	0.04176092892885208	1.0	1.0	1.0	1.0
92	314.17455196380615	0.04725107103586197	0.03955277428030968	1.0	1.0	1.0	1.0
94	321.5474462509155	0.045231237262487414	0.03795861825346947	1.0	1.0	1.0	1.0
96	328.3041853904724	0.04403682313859463	0.036819346249103546	1.0	1.0	1.0	1.0
98	334.7444887161255	0.042361302673816686	0.03566392511129379	1.0	1.0	1.0	1.0
100	341.16873478889465	0.040936524420976644	0.034671228379011154	1.0	1.0	1.0	1.0
102	348.1075990200043	0.03904302716255188	0.03352726250886917	1.0	1.0	1.0	1.0
104	354.80021691322327	0.03757374919950962	0.03261059522628784	1.0	1.0	1.0	1.0
106	361.21260499954224	0.035982797294855116	0.03146323934197426	1.0	1.0	1.0	1.0
108	368.5474536418915	0.03397730644792318	0.02990586683154106	1.0	1.0	1.0	1.0
110	374.8643002510071	0.03226324245333672	0.02879125252366066	1.0	1.0	1.0	1.0
112	381.37624979019165	0.029957468435168267	0.027044009417295456	1.0	1.0	1.0	1.0
114	387.8550798892975	0.02867503222078085	0.026092050597071648	1.0	1.0	1.0	1.0
116	394.25719833374023	0.027312454208731653	0.02501567266881466	1.0	1.0	1.0	1.0
118	400.99999237060547	0.02596073839813471	0.024083131924271584	1.0	1.0	1.0	1.0
120	407.4451322555542	0.02503978069871664	0.02345157600939274	1.0	1.0	1.0	1.0
122	413.90592217445374	0.02406288739293814	0.022593853995203972	1.0	1.0	1.0	1.0
124	419.97086238861084	0.023363211378455165	0.02206808514893055	1.0	1.0	1.0	1.0
126	426.7991213798523	0.02237155828624964	0.021261082962155342	1.0	1.0	1.0	1.0
128	433.5720372200012	0.021998204849660398	0.021017495542764664	1.0	1.0	1.0	1.0
130	440.69219946861267	0.021193093806505206	0.02030778117477894	1.0	1.0	1.0	1.0
132	447.47859287261963	0.020862617157399656	0.020043015480041504	1.0	1.0	1.0	1.0
134	453.88376092910767	0.020509858056902888	0.0197141133248806	1.0	1.0	1.0	1.0
136	460.7925498485565	0.019871881045401097	0.01916748285293579	1.0	1.0	1.0	1.0
138	467.20276284217834	0.01961038075387478	0.01892900839447975	1.0	1.0	1.0	1.0
140	473.8612594604492	0.019217997230589392	0.018597470596432686	1.0	1.0	1.0	1.0
142	479.56675457954407	0.018789278715848925	0.018214179202914238	1.0	1.0	1.0	1.0
144	486.72818899154663	0.01813495308160782	0.01760225184261799	1.0	1.0	1.0	1.0
146	493.0996310710907	0.017983521707355978	0.01747054047882557	1.0	1.0	1.0	1.0
148	499.3808298110962	0.017614667862653734	0.01713058352470398	1.0	1.0	1.0	1.0
150	505.89771699905396	0.017205286398530008	0.016764625906944275	1.0	1.0	1.0	1.0
152	512.2069299221039	0.016971594467759133	0.016531292349100113	1.0	1.0	1.0	1.0
154	518.153427362442	0.01655078660696745	0.016127344220876694	1.0	1.0	1.0	1.0
156	524.6281971931458	0.016422793082892895	0.01601116731762886	1.0	1.0	1.0	1.0
158	532.3269882202148	0.015934505499899387	0.015559244900941849	1.0	1.0	1.0	1.0
160	538.6055994033813	0.015504667442291975	0.015147478319704533	1.0	1.0	1.0	1.0
162	545.5416233539581	0.015270693320780994	0.014934735372662544	1.0	1.0	1.0	1.0
164	551.6357061862946	0.015250258054584265	0.01491533499211073	1.0	1.0	1.0	1.0
166	557.7600100040436	0.0149867189116776	0.014661059714853764	1.0	1.0	1.0	1.0
168	563.7100250720978	0.014622849598526956	0.014318387024104595	1.0	1.0	1.0	1.0
170	569.9554588794708	0.014325575809925795	0.014033246785402298	1.0	1.0	1.0	1.0
172	576.5835359096527	0.01409131344407797	0.013808559626340866	1.0	1.0	1.0	1.0
174	583.5631914138794	0.013694418314844371	0.013430646620690823	1.0	1.0	1.0	1.0
176	590.3374688625336	0.013631344772875309	0.013376114889979362	1.0	1.0	1.0	1.0
178	596.4138686656952	0.013363877031952144	0.013114227913320065	1.0	1.0	1.0	1.0
180	603.4095847606659	0.013118407782167198	0.01288027223199606	1.0	1.0	1.0	1.0
182	610.5416162014008	0.012928535323590042	0.012700725346803665	1.0	1.0	1.0	1.0
184	617.6014378070831	0.012713285721838476	0.012493772432208061	1.0	1.0	1.0	1.0
186	623.7968974113464	0.012673988658934833	0.01245544757694006	1.0	1.0	1.0	1.0
188	631.3155333995819	0.012316500302404165	0.01211069617420435	1.0	1.0	1.0	1.0
190	638.3994433879852	0.01209961697459221	0.011901906691491604	1.0	1.0	1.0	1.0
192	645.3292090892792	0.01191552383825183	0.011722812429070473	1.0	1.0	1.0	1.0
194	651.7390487194061	0.01177284773439169	0.011585427448153496	1.0	1.0	1.0	1.0
196	658.6248054504395	0.011660650186240674	0.011478173546493053	1.0	1.0	1.0	1.0
198	665.0624284744263	0.011477562598884106	0.011303088627755642	1.0	1.0	1.0	1.0
200	671.4373097419739	0.011323355603963137	0.011152767576277256	1.0	1.0	1.0	1.0
202	677.8118557929993	0.011165276728570463	0.01100041065365076	1.0	1.0	1.0	1.0
204	684.6349320411682	0.010880102030932905	0.01072437409311533	1.0	1.0	1.0	1.0
206	692.1427631378174	0.010717298369854689	0.010565575212240219	1.0	1.0	1.0	1.0
208	698.6304540634155	0.01062197955325246	0.010472537949681282	1.0	1.0	1.0	1.0
210	704.9680767059326	0.010557966865599157	0.010409804061055183	1.0	1.0	1.0	1.0
212	711.3882396221161	0.010323094110935927	0.01018020510673523	1.0	1.0	1.0	1.0
214	717.9209523200989	0.010180715471506119	0.010035860352218151	1.0	1.0	1.0	1.0
216	724.6810641288757	0.010017825942486526	0.009875239804387093	1.0	1.0	1.0	1.0
218	731.2706093788147	0.009884509444236756	0.009745427407324314	1.0	1.0	1.0	1.0
220	738.0072989463806	0.009714747779071331	0.009580678306519985	1.0	1.0	1.0	1.0
222	744.971009016037	0.009522674418985844	0.009395122528076172	1.0	1.0	1.0	1.0
224	751.3381869792938	0.009375345055013896	0.009250176139175892	1.0	1.0	1.0	1.0
226	757.961254119873	0.009299235697835685	0.00917769130319357	1.0	1.0	1.0	1.0
228	764.7331087589264	0.009124834463000298	0.009007183834910393	1.0	1.0	1.0	1.0
230	772.4089064598083	0.008981755934655666	0.00886792503297329	1.0	1.0	1.0	1.0
232	778.7711527347565	0.008865154441446066	0.008753872476518154	1.0	1.0	1.0	1.0
234	784.8414645195007	0.008788285683840514	0.008679998107254505	1.0	1.0	1.0	1.0
236	791.6783702373505	0.008622304257005454	0.008516030386090279	1.0	1.0	1.0	1.0
238	797.767920255661	0.008540502842515707	0.00843692384660244	1.0	1.0	1.0	1.0
240	804.9063799381256	0.008331051375716925	0.008232970722019672	1.0	1.0	1.0	1.0
242	811.305716753006	0.008288411144167186	0.008190933614969254	1.0	1.0	1.0	1.0
244	817.3893253803253	0.008211928699165583	0.008116582408547401	1.0	1.0	1.0	1.0
246	823.9711744785309	0.008109900448471308	0.008017461746931076	1.0	1.0	1.0	1.0
248	830.4198346138	0.007998784631490707	0.007907659746706486	1.0	1.0	1.0	1.0
250	836.5646584033966	0.007854576408863069	0.007767024915665388	1.0	1.0	1.0	1.0
252	842.8588726520538	0.007767023565247656	0.007681617047637701	1.0	1.0	1.0	1.0
254	850.2464027404785	0.007678737584501505	0.007595140486955643	1.0	1.0	1.0	1.0
256	856.6352479457855	0.007564159156754614	0.0074825650081038475	1.0	1.0	1.0	1.0
258	863.6347534656525	0.007438028510659934	0.007358725182712078	1.0	1.0	1.0	1.0
260	869.5582203865051	0.007380318967625499	0.007303464226424694	1.0	1.0	1.0	1.0
262	876.1987035274506	0.007278210949152708	0.0072026499547064304	1.0	1.0	1.0	1.0
264	882.6771874427795	0.0071890475694090135	0.007114832289516926	1.0	1.0	1.0	1.0
266	889.3798208236694	0.007134744571521879	0.0070625487715005875	1.0	1.0	1.0	1.0
268	895.324512720108	0.007092669187113643	0.007021285593509674	1.0	1.0	1.0	1.0
270	901.9834542274475	0.006960081541910768	0.00689113512635231	1.0	1.0	1.0	1.0
272	907.850026845932	0.0068967783823609356	0.00682847248390317	1.0	1.0	1.0	1.0
274	914.6493525505066	0.006760835368186236	0.006694515701383352	1.0	1.0	1.0	1.0
276	920.2744381427765	0.00679301000200212	0.006727518513798714	1.0	1.0	1.0	1.0
278	927.4020278453827	0.006615733541548253	0.006552126724272966	1.0	1.0	1.0	1.0
280	934.8482015132904	0.006550661288201809	0.006488366052508354	1.0	1.0	1.0	1.0
282	941.3412158489227	0.006499312072992325	0.006438652519136667	1.0	1.0	1.0	1.0
284	948.5330646038055	0.006460882443934679	0.0064012049697339535	1.0	1.0	1.0	1.0
286	954.6360604763031	0.006334320176392794	0.006276741158217192	1.0	1.0	1.0	1.0
288	961.845338344574	0.006239320943132043	0.006182743702083826	1.0	1.0	1.0	1.0
290	967.7877836227417	0.006212105229496956	0.006155960261821747	1.0	1.0	1.0	1.0
292	974.4566910266876	0.0061292162165045745	0.006075210403650999	1.0	1.0	1.0	1.0
294	980.9793889522552	0.006059190770611168	0.006005574949085712	1.0	1.0	1.0	1.0
296	986.9957790374756	0.006097920332103968	0.006044463254511356	1.0	1.0	1.0	1.0
298	992.992312669754	0.005969688808545471	0.00591829139739275	1.0	1.0	1.0	1.0
300	999.4573440551758	0.005889297695830464	0.005838773213326931	1.0	1.0	1.0	1.0
302	1006.0748808383942	0.005856957938522101	0.005807084962725639	1.0	1.0	1.0	1.0
304	1012.6430242061615	0.005785720050334931	0.005736221093684435	1.0	1.0	1.0	1.0
306	1019.350711107254	0.005695593310520053	0.005647217854857445	1.0	1.0	1.0	1.0
308	1025.5812811851501	0.005670613050460816	0.005623651202768087	1.0	1.0	1.0	1.0
310	1031.2285227775574	0.005621807230636478	0.005575566552579403	1.0	1.0	1.0	1.0
312	1037.8877243995667	0.005540364747866989	0.0054945191368460655	1.0	1.0	1.0	1.0
314	1044.4324128627777	0.0055472327861934905	0.005502034910023212	1.0	1.0	1.0	1.0
316	1051.047523021698	0.005425096303224564	0.005380891263484955	1.0	1.0	1.0	1.0
318	1057.371891260147	0.005370444525033236	0.005327223334461451	1.0	1.0	1.0	1.0
320	1063.821453332901	0.005322775430977345	0.0052797687239944935	1.0	1.0	1.0	1.0
322	1070.4516096115112	0.005253940774127841	0.005211874842643738	1.0	1.0	1.0	1.0
324	1077.244001865387	0.005225374875590206	0.0051833526231348515	1.0	1.0	1.0	1.0
326	1083.2203583717346	0.0051585852168500425	0.005117824301123619	1.0	1.0	1.0	1.0
328	1089.5549447536469	0.005151719320565462	0.005111117381602526	1.0	1.0	1.0	1.0
330	1097.033681154251	0.005044723208993674	0.005005143582820892	1.0	1.0	1.0	1.0
332	1103.0183012485504	0.005029591359198094	0.004990488290786743	1.0	1.0	1.0	1.0
334	1109.8566555976868	0.004973296169191599	0.004934805911034346	1.0	1.0	1.0	1.0
336	1115.883982181549	0.00494997245259583	0.0049111745320260525	1.0	1.0	1.0	1.0
338	1122.147556066513	0.004886263795197011	0.004848375450819731	1.0	1.0	1.0	1.0
340	1128.238469839096	0.004871944803744555	0.004834091756492853	1.0	1.0	1.0	1.0
342	1134.7597699165344	0.004800049681216479	0.004762987140566111	1.0	1.0	1.0	1.0
344	1141.0552790164948	0.004760664375498891	0.004723985213786364	1.0	1.0	1.0	1.0
346	1146.6215603351593	0.004763098759576679	0.00472654402256012	1.0	1.0	1.0	1.0
348	1153.009691953659	0.00467529995366931	0.00463922880589962	1.0	1.0	1.0	1.0
350	1159.2446489334106	0.0046178952790796755	0.004582297056913376	1.0	1.0	1.0	1.0
352	1165.8335769176483	0.004601041134446859	0.004565739538520575	1.0	1.0	1.0	1.0
354	1172.8687434196472	0.004560111975297332	0.004525566473603249	1.0	1.0	1.0	1.0
356	1180.0632798671722	0.004478830425068736	0.004444158170372248	1.0	1.0	1.0	1.0
358	1186.655811548233	0.004436647659167648	0.004402613267302513	1.0	1.0	1.0	1.0
360	1193.4194476604462	0.004422929137945175	0.004389461595565081	1.0	1.0	1.0	1.0
362	1199.94322681427	0.0043581434525549415	0.004325191956013441	1.0	1.0	1.0	1.0
364	1206.2855813503265	0.0043513499666005375	0.004318464081734419	1.0	1.0	1.0	1.0
366	1212.37162733078	0.004328982159495354	0.0042962683364748955	1.0	1.0	1.0	1.0
368	1218.6232407093048	0.004270731238648295	0.004238436464220285	1.0	1.0	1.0	1.0
370	1225.1218526363373	0.004229389037936926	0.004198051057755947	1.0	1.0	1.0	1.0
372	1231.0393466949463	0.0041907127015292645	0.0041596544906497	1.0	1.0	1.0	1.0
374	1237.5706191062927	0.004156738938763738	0.00412594061344862	1.0	1.0	1.0	1.0
376	1243.716562986374	0.0041091470979154115	0.004078807309269905	1.0	1.0	1.0	1.0
378	1250.7360208034515	0.004098374349996448	0.004068013280630112	1.0	1.0	1.0	1.0
380	1257.8073024749756	0.004046513419598341	0.004016664810478687	1.0	1.0	1.0	1.0
382	1263.8879017829895	0.0040226051118224864	0.003992842510342598	1.0	1.0	1.0	1.0
384	1270.525818824768	0.0039794533513486385	0.003950375132262707	1.0	1.0	1.0	1.0
386	1276.7265508174896	0.003955480782315135	0.0039264908991754055	1.0	1.0	1.0	1.0
388	1283.6714437007904	0.003887697705067694	0.003859348827973008	1.0	1.0	1.0	1.0
390	1289.8692331314087	0.003878391394391656	0.003850360168144107	1.0	1.0	1.0	1.0
392	1296.3002257347107	0.0038617059821262957	0.0038338934537023306	1.0	1.0	1.0	1.0
394	1302.961300611496	0.0037981236819177866	0.0037709311582148075	1.0	1.0	1.0	1.0
396	1309.4235565662384	0.0037781040184199813	0.0037511494010686874	1.0	1.0	1.0	1.0
398	1316.218807220459	0.0037281632889062167	0.0037013706751167774	1.0	1.0	1.0	1.0
400	1323.2573311328888	0.0037131080636754635	0.0036868322640657425	1.0	1.0	1.0	1.0
402	1330.0255241394043	0.0036848625168204308	0.003658567788079381	1.0	1.0	1.0	1.0
404	1336.9310176372528	0.003667298401705921	0.0036410936154425144	1.0	1.0	1.0	1.0
406	1344.1049768924713	0.003615855355747044	0.0035899325739592314	1.0	1.0	1.0	1.0
408	1350.799607515335	0.00362356782425195	0.0035980541724711657	1.0	1.0	1.0	1.0
410	1357.051013469696	0.0035959507804363966	0.0035706995986402035	1.0	1.0	1.0	1.0
412	1363.2920999526978	0.00354069157037884	0.003515835851430893	1.0	1.0	1.0	1.0
414	1369.944680929184	0.00353061065543443	0.0035055307671427727	1.0	1.0	1.0	1.0
416	1376.3393244743347	0.0034929735586047175	0.003468581708148122	1.0	1.0	1.0	1.0
418	1382.6818010807037	0.003491273568943143	0.003466902067884803	1.0	1.0	1.0	1.0
420	1389.1979305744171	0.003423380805179477	0.0033992764074355364	1.0	1.0	1.0	1.0
422	1395.8453381061554	0.0034136355156078936	0.0033900816924870014	1.0	1.0	1.0	1.0
424	1402.1673073768616	0.0033830384258180858	0.0033596528228372335	1.0	1.0	1.0	1.0
426	1409.3595266342163	0.003338026651181281	0.0033148552756756544	1.0	1.0	1.0	1.0
428	1416.7397501468658	0.0033221596851944926	0.003299516858533025	1.0	1.0	1.0	1.0

