SEED =  5
iteration number	elapsed seconds	training loss	training fraction nodes/edges labeled correctly	training fraction examples solved correctly	test loss	test fraction nodes/edges labeled correctly	test fraction examples solved correctly	test_perm loss	test_perm fraction nodes/edges labeled correctly	test_perm fraction examples solved correctly
#	T	Ltr	Ctr	Str	Lge	Cge	Sge	Lpe	Cpe	Spe
0	28.57447838783264	0.8251738280057908	0.9040590405904059	0.0	0.5097338408231735	0.9675525152854288	0.0	0.5359701216220856	0.9645256976814577	0.0
1	48.59065532684326	0.7773026064038278	0.8978919631093544	0.0	0.48647722601890564	0.9706782253952065	0.0	0.5062425285577774	0.9702320244773075	0.0
2	69.46669316291809	0.663538308441639	0.928042328042328	0.0	0.45520031452178955	0.9688040441665559	0.0	0.48862646520137787	0.9661434082745777	0.0
3	93.07935190200806	0.6218190848827363	0.924916573971079	0.0	0.3923462778329849	0.9696533682145193	0.0	0.43640539050102234	0.9669718770438195	0.0
4	116.42300009727478	0.6185715392231942	0.9151590767311292	0.0	0.3394021838903427	0.9755867362989996	0.0	0.387235552072525	0.9716856477694582	0.0
5	140.11376786231995	0.5657025650143623	0.922266139657444	0.0	0.31044283509254456	0.9756881022863262	0.01	0.3695806860923767	0.9703974302450085	0.0
6	166.46748185157776	0.455671326816082	0.9469135802469136	0.0	0.2716263458132744	0.9812277418965413	0.02	0.32223477959632874	0.9751916460433392	0.0
7	193.1637716293335	0.4026432648301125	0.9537142857142857	0.0625	0.25127214938402176	0.9853440684362813	0.08	0.30871693789958954	0.9734557806013335	0.0
8	220.78433084487915	0.4334757909178734	0.9499683343888538	0.03125	0.2364867776632309	0.9881585612968592	0.12	0.31040002405643463	0.9705547112462006	0.0
9	248.4396369457245	0.41833549439907075	0.9644128113879004	0.21875	0.21061235666275024	0.9909721313620307	0.22	0.2862282618880272	0.9730472327620044	0.0
10	280.41827416419983	0.32675523906946186	0.9804161566707467	0.34375	0.20230525732040405	0.9932148017842558	0.2	0.3061845451593399	0.9677074825658102	0.0
11	310.94377970695496	0.3242107301950455	0.9817324690630524	0.34375	0.19476957619190216	0.9950745386484534	0.48	0.2973681688308716	0.9666382084455244	0.0
12	344.00613713264465	0.28597270622849463	0.9861809045226131	0.5	0.1747940629720688	0.9953158705701078	0.51	0.2402125522494316	0.9777503852080123	0.02
13	378.4129102230072	0.2907743647694588	0.9915014164305949	0.6875	0.1661072000861168	0.9967733771985322	0.59	0.24510880559682846	0.9774136403897254	0.03
14	422.7539715766907	0.2712335780262947	0.9891891891891892	0.65625	0.16427940875291824	0.9974892632969937	0.69	0.25075817108154297	0.9779319458209448	0.04
15	472.82195234298706	0.25705533027648925	0.9964747356051704	0.875	0.15390204638242722	0.9990629099768851	0.88	0.23640497028827667	0.9804460548510027	0.07
16	527.547308921814	0.23143896982073786	0.9969586374695864	0.875	0.13993299007415771	0.9996806540205658	0.97	0.20245295017957687	0.9843520470077282	0.12
17	582.8234987258911	0.21321480050683023	0.9993909866017052	0.96875	0.13443514704704285	0.9994486560992419	0.95	0.19497094303369522	0.9858718125430738	0.15
18	639.0296242237091	0.20503965765237808	0.9993726474278545	0.96875	0.13020912557840347	0.9993165579372476	0.93	0.1947256550192833	0.985399192295744	0.08
19	696.8697693347931	0.18729088231921198	0.9993390614672836	0.96875	0.11603694781661034	0.9997338478940715	0.97	0.1854827031493187	0.9870250848359837	0.21
20	761.101131439209	0.1720779687166214	1.0	1.0	0.11093123257160187	0.9998211197901139	0.97	0.1817663498222828	0.987299505098086	0.1
21	821.7322556972504	0.1754100762307644	1.0	1.0	0.10572074353694916	0.9999353754685278	0.99	0.1858321987092495	0.9860411012020163	0.1
22	885.8267915248871	0.17273224443197252	0.9987492182614134	0.9375	0.10434926673769951	0.9998107494322483	0.97	0.19146209955215454	0.985301539237951	0.1
23	951.2479040622711	0.1623767301440239	1.0	1.0	0.09761489182710648	0.9998644251626898	0.98	0.1848367229104042	0.983324295010846	0.05
24	1019.8907654285431	0.15291271209716797	1.0	1.0	0.09260475262999535	1.0	1.0	0.18488818407058716	0.9837175148457953	0.07
25	1092.8732640743256	0.1289999820291996	1.0	1.0	0.08771543949842453	0.999941200682072	0.99	0.16851698979735374	0.9851825718821662	0.03

#############################################################################

SEED =  11
iteration number	elapsed seconds	training loss	training fraction nodes/edges labeled correctly	training fraction examples solved correctly	test loss	test fraction nodes/edges labeled correctly	test fraction examples solved correctly	test_perm loss	test_perm fraction nodes/edges labeled correctly	test_perm fraction examples solved correctly
#	T	Ltr	Ctr	Str	Lge	Cge	Sge	Lpe	Cpe	Spe
0	20.29259181022644	1.2946635127067567	0.7668010752688172	0.0	0.9425752460956573	0.9559324170974657	0.0	0.9669022560119629	0.9498802168705082	0.0
1	34.59186840057373	1.123717585206032	0.8595870206489675	0.0	0.9433201849460602	0.9607176581680831	0.0	0.9639929234981537	0.9538558388416746	0.0
2	50.386881828308105	1.012418305873871	0.8832547169811321	0.0	0.8978285491466522	0.9694777003025917	0.0	0.9115356802940369	0.9636889882910143	0.0
3	67.67518138885498	0.9187951266765595	0.8900592495062541	0.0	0.8276169896125793	0.9665179973616433	0.0	0.8424563407897949	0.9628745524216346	0.0
4	84.77378416061401	0.8925880670547486	0.8729483282674773	0.0	0.7557234466075897	0.9605497582081954	0.0	0.7744585573673248	0.9592771697632986	0.0
5	101.72916293144226	0.8529519349336625	0.8736842105263158	0.0	0.6835962533950806	0.9672750977835723	0.0	0.7039954662322998	0.9633637548891786	0.0
6	120.50843167304993	0.7737680435180665	0.8952916373858046	0.0	0.6348232626914978	0.9707266748339674	0.0	0.6561451852321625	0.9689857502095558	0.0
7	139.78688430786133	0.7191953599452973	0.9029993618379069	0.0	0.5948919057846069	0.9735103465469958	0.0	0.613792359828949	0.9715781600598354	0.0
8	161.49279236793518	0.6583472222089768	0.9210682492581602	0.0	0.5114916861057281	0.9720609110853013	0.0	0.5331474989652634	0.9711575687185443	0.0
9	182.00092816352844	0.6168046310544014	0.9189360354654845	0.0	0.44869622588157654	0.9721424843423799	0.0	0.47808530926704407	0.9703810020876826	0.0
10	203.560884475708	0.5536923885345459	0.9337047353760446	0.0	0.42312344908714294	0.9722630536205024	0.0	0.4504391998052597	0.9705374832236211	0.0
11	228.5175907611847	0.5605959355831146	0.9103013314646111	0.0	0.39691515266895294	0.9729780920512658	0.0	0.42651769518852234	0.9717785213712987	0.0
12	251.96509099006653	0.5478533387184144	0.9142857142857143	0.0	0.3717656880617142	0.973771908170822	0.0	0.41126663982868195	0.9713033818810171	0.0
13	276.2677927017212	0.4998077541589737	0.9288343558282208	0.0	0.35213732719421387	0.9736057356766703	0.0	0.39692166447639465	0.9700526616331451	0.0
14	303.775502204895	0.5024190485477448	0.9130146082337317	0.0	0.32893016934394836	0.9715219421101774	0.0	0.3687691390514374	0.9687875150060024	0.0
15	330.6172752380371	0.47572475075721743	0.9180221210149642	0.0	0.3010222315788269	0.974699672369858	0.0	0.33449896425008774	0.9724547991748574	0.0
16	358.2745382785797	0.415125747025013	0.9326241134751773	0.0	0.2797368913888931	0.9715183389112766	0.0	0.3190389648079872	0.9686496823987433	0.0
17	387.52594351768494	0.40176960676908496	0.9304029304029304	0.0	0.2556330934166908	0.9757082340481864	0.0	0.2994806319475174	0.973325390521578	0.0
18	419.40902304649353	0.3861950486898422	0.9329226557152636	0.0	0.2329249531030655	0.9802496062038046	0.0	0.27101582288742065	0.9765539803707742	0.0
19	451.09911012649536	0.36687181144952774	0.9347545219638242	0.0	0.22176173329353333	0.9756526267821105	0.0	0.27215437591075897	0.9715513312935355	0.0
20	485.03201484680176	0.34798598736524583	0.930391547545059	0.0	0.21122410148382187	0.9760845742280668	0.0	0.2442077249288559	0.9740217881776575	0.0
21	518.6949372291565	0.3763374395668507	0.9079214624238321	0.0	0.2038373425602913	0.9758845496550415	0.0	0.2439631149172783	0.973669219570859	0.0
22	557.054604768753	0.34271435961127283	0.9227082085080887	0.0	0.18402019143104553	0.976692125362128	0.0	0.22830475121736526	0.9734658941269423	0.0
23	593.0847263336182	0.3445458456873894	0.9179206566347469	0.0	0.19076601415872574	0.9758790667104831	0.0	0.24850782752037048	0.9694380545514295	0.0
24	631.317727804184	0.3015858665108681	0.9351732991014121	0.0	0.17811615765094757	0.976478748896456	0.0	0.23257091641426086	0.9708664396519107	0.0
25	670.0543568134308	0.3116965673863888	0.9256944444444445	0.0	0.1615247204899788	0.9757829939795711	0.0	0.21230709552764893	0.9718595684231888	0.0
26	710.6561458110809	0.26998804211616517	0.9300791556728232	0.0	0.16405680775642395	0.9768422302713615	0.0	0.21146638691425323	0.9742889377115374	0.0
27	751.6206929683685	0.2429964356124401	0.9373000639795266	0.0	0.16996261477470398	0.9773320084461558	0.0	0.2173297479748726	0.9748478449882002	0.0
28	798.8464274406433	0.276897981017828	0.9308176100628931	0.0	0.16926506906747818	0.9750513083632633	0.0	0.22516167163848877	0.9719728065674705	0.0
29	842.6604084968567	0.2661404773592949	0.9267822736030829	0.0	0.16311632841825485	0.9755268952500786	0.0	0.2135041281580925	0.9730732934885185	0.0
30	889.2268104553223	0.23088393956422806	0.9340385812072184	0.0	0.14238721504807472	0.9767441860465116	0.0	0.188033826649189	0.9743945053620918	0.0
31	936.2074410915375	0.2582107812166214	0.9143454038997214	0.0	0.12721622735261917	0.9772712843628976	0.0	0.189237080514431	0.9733985143800393	0.0
32	985.9415354728699	0.236697980388999	0.917877447883765	0.0	0.12705977633595467	0.976467477525119	0.01	0.20618394017219543	0.969923320994183	0.0
33	1036.720051765442	0.1965363968163729	0.9374616799509503	0.0	0.12021198868751526	0.9802462801436634	0.04	0.19609897583723068	0.9728707029245767	0.0
34	1089.0020434856415	0.20679734945297243	0.9329140461215933	0.03125	0.12289568409323692	0.9782047800108636	0.02	0.1956152766942978	0.9700570342205324	0.0
35	1146.516809463501	0.17338488772511484	0.9506493506493506	0.0625	0.10649871453642845	0.9857133905633185	0.05	0.16802532970905304	0.9771288927877687	0.0
36	1201.8997707366943	0.16808549351990223	0.9532418952618454	0.09375	0.105254877358675	0.9868212967843965	0.09	0.1849386841058731	0.9724565102793885	0.0
37	1258.3525936603546	0.16769103296101096	0.9609325771896661	0.15625	0.10100065544247627	0.9898355561310371	0.18	0.19006548076868057	0.9729379774698951	0.0
38	1317.0456738471985	0.1392992153763771	0.9794841735052755	0.28125	0.09995763003826141	0.9913537060260049	0.26	0.1983116939663887	0.9706290013860471	0.0
39	1377.8273088932037	0.13146650791168213	0.9877906976744186	0.46875	0.09073030203580856	0.9943446828358209	0.34	0.17110652476549149	0.9773787313432836	0.0
40	1441.2794206142426	0.1301456317305565	0.9877764842840512	0.53125	0.08875730633735657	0.9965289147946821	0.58	0.20342831313610077	0.9702665531468989	0.0
41	1504.3809049129486	0.12671328447759153	0.9936102236421726	0.71875	0.08427945524454117	0.9962375705455523	0.59	0.19727332144975662	0.9707067992475141	0.0
42	1570.4830474853516	0.11266198866069317	0.9918238993710692	0.65625	0.08266713097691536	0.9973556361847364	0.68	0.182080190628767	0.9762622224955415	0.0
43	1643.431510925293	0.1095269687473774	0.9979522184300341	0.90625	0.07865893840789795	0.9980205606283123	0.74	0.1856546327471733	0.9742672881680607	0.0
44	1714.2061579227448	0.09864875078201295	0.9979838709677419	0.90625	0.07668248377740383	0.9988459669582118	0.86	0.181022759526968	0.9757045675413022	0.0
45	1786.1113390922546	0.09337481632828713	0.999379652605459	0.96875	0.06945895403623581	0.999468273661822	0.93	0.1641119122505188	0.979203592106818	0.0
46	1859.1430988311768	0.08451943583786488	0.998849252013809	0.9375	0.06751031801104546	0.9998056239471297	0.97	0.1920488066971302	0.9785538421666451	0.04
47	1934.7924687862396	0.08446255438029766	1.0	1.0	0.06334086321294308	1.0	1.0	0.17233119159936905	0.9817487266553481	0.02
48	2012.5031187534332	0.07744561433792115	1.0	1.0	0.06445993855595589	0.9997463860005072	0.96	0.15274469554424286	0.9833882830332235	0.05
49	2090.9064774513245	0.08064530342817307	1.0	1.0	0.06110815703868866	1.0	1.0	0.1573447547852993	0.9808002061722827	0.05
50	2171.653238773346	0.07173423171043396	1.0	1.0	0.05949205905199051	0.9999371622470781	0.99	0.16608154401183128	0.9830966444639939	0.02
51	2255.1599674224854	0.06682544704526663	0.9994469026548672	0.96875	0.05552968382835388	1.0	1.0	0.1574779972434044	0.9836445887948034	0.03
52	2340.102954149246	0.06673546694219112	1.0	1.0	0.0537458099424839	1.0	1.0	0.16237539798021317	0.9844621264331809	0.05
53	2425.805335998535	0.06668973937630654	1.0	1.0	0.052133189514279366	0.9999372686782511	0.99	0.17320780083537102	0.9836898563452732	0.07
54	2519.1941409111023	0.058423855714499956	0.9993935718617344	0.96875	0.05005075968801975	1.0	1.0	0.15707837790250778	0.9850058343057176	0.06
55	2608.253117799759	0.057909282296895986	0.9993710691823899	0.96875	0.04832727648317814	1.0	1.0	0.19745990633964539	0.9843155615380114	0.03
56	2700.3252127170563	0.06304370500147342	0.999348109517601	0.96875	0.0602328572422266	0.9989396868957775	0.85	0.24547959864139557	0.9820994199463606	0.05
57	2795.111439228058	0.06076354067772627	0.9986206896551724	0.9375	0.045700350776314735	1.0	1.0	0.21877729147672653	0.9832301341589267	0.05
58	2892.9289903640747	0.05288599003106356	1.0	1.0	0.044012706726789474	1.0	1.0	0.1878330372273922	0.9835859467765593	0.06
59	2992.731100797653	0.049371400475502016	1.0	1.0	0.04507860355079174	0.9999344777879702	0.99	0.16167914122343063	0.9841436246887695	0.07
60	3096.7066605091095	0.04946097321808338	1.0	1.0	0.04421394132077694	0.9998658078368223	0.98	0.16435988619923592	0.9842995169082126	0.08

#############################################################################

SEED =  17
iteration number	elapsed seconds	training loss	training fraction nodes/edges labeled correctly	training fraction examples solved correctly	test loss	test fraction nodes/edges labeled correctly	test fraction examples solved correctly	test_perm loss	test_perm fraction nodes/edges labeled correctly	test_perm fraction examples solved correctly
#	T	Ltr	Ctr	Str	Lge	Cge	Sge	Lpe	Cpe	Spe
0	20.15005922317505	1.3101082235574724	0.7688547486033519	0.0	0.8801333904266357	0.9156649990254044	0.0	0.8979299068450928	0.9145604574101748	0.0
1	35.39726185798645	1.1127521276474	0.8218527315914489	0.0	0.7736451923847198	0.9348310191249672	0.0	0.7783543616533279	0.9357479696096411	0.0
2	50.53385615348816	1.0220549255609512	0.8199208443271768	0.0	0.8522282987833023	0.8974341886037988	0.0	0.8306542038917542	0.9094968343885371	0.0
3	66.91227960586548	0.954267355799675	0.8327994875080077	0.0	0.7720981538295746	0.9237901537357182	0.0	0.7607472836971283	0.930430101094694	0.0
4	84.11756110191345	0.9624052077531815	0.8351383874849578	0.0	0.6975935846567154	0.9445927055534376	0.0	0.7101474553346634	0.9442114627017411	0.0
5	101.49844074249268	0.9228969231247902	0.8571428571428571	0.0	0.6754338890314102	0.9477565304336958	0.0	0.6894887089729309	0.9476940382452194	0.0
6	121.36312508583069	0.9077308729290963	0.8513931888544891	0.0	0.665410116314888	0.9462309254044142	0.0	0.6854910403490067	0.945641495841247	0.0
7	140.22848176956177	0.9930356830358505	0.8057932850559578	0.0	0.6406214088201523	0.9528010586678429	0.0	0.6609181761741638	0.9512256600920033	0.0
8	161.92296242713928	0.9060133874416352	0.8439226519337016	0.0	0.6403985396027565	0.9533880534419747	0.0	0.6587018221616745	0.9526691031094602	0.0
9	183.13370537757874	0.868875452876091	0.8575721153846154	0.0	0.6098906397819519	0.9609832699160475	0.0	0.6268786713480949	0.9602585009361599	0.0
10	205.6679515838623	0.8524553298950196	0.8667529107373868	0.0	0.6360625699162483	0.9506861613441067	0.0	0.6612332612276077	0.9482493266641016	0.0
11	229.8830690383911	0.9024394005537033	0.8426812585499316	0.0	0.6116335317492485	0.9593779564806055	0.0	0.6349543109536171	0.9577814569536424	0.0
12	253.21696853637695	0.8239793136715889	0.8700787401574803	0.0	0.6134581938385963	0.9567250691608483	0.0	0.6400129050016403	0.9537610328020024	0.0
13	278.6767361164093	0.8305037826299668	0.8673835125448028	0.0	0.6147232726216316	0.9568281938325991	0.0	0.6409623548388481	0.9534298300818125	0.0
14	307.213502407074	0.7868490636348725	0.8849610545236669	0.0	0.6091801226139069	0.9558705536239637	0.0	0.6347002536058426	0.9526611393420701	0.0
15	333.7838468551636	0.7788468226790428	0.8860450944546009	0.0	0.6053160950541496	0.9536944499966686	0.0	0.6371823698282242	0.9489639549603571	0.0
16	362.3846814632416	0.7619142889976502	0.8845177664974619	0.0	0.5819207355380058	0.9585387435216787	0.0	0.6104178205132484	0.9545569460245228	0.0
17	391.12932324409485	0.693103076517582	0.9071729957805907	0.0	0.5608028024435043	0.959275419806955	0.0	0.5926070287823677	0.9549120719291286	0.0
18	423.39054250717163	0.6851502940058709	0.9071925754060325	0.0	0.5396509096026421	0.9597257355878046	0.0	0.5668164119124413	0.9570629743043536	0.0
19	456.18670105934143	0.7022191554307938	0.8837492391965917	0.0	0.5154216960072517	0.9619029686813532	0.0	0.5476300045847893	0.9578861482457792	0.0
20	488.7302691936493	0.6993534326553346	0.883808095952024	0.0	0.5066841021180153	0.9580381839033933	0.0	0.5378987565636635	0.9547325102880658	0.0
21	524.0876770019531	0.6844130411744118	0.879286694101509	0.0	0.46875840425491333	0.9674811354653252	0.0	0.4953299015760422	0.9657444005270093	0.0
22	562.4138286113739	0.6009006664156914	0.9040225829216655	0.0	0.4480961412191391	0.9681323821775231	0.0	0.47485850006341934	0.966729037539469	0.0
23	599.932297706604	0.5644074812531471	0.9174256223436551	0.0	0.42594635486602783	0.9692906850539488	0.0	0.4484640583395958	0.9690353061354785	0.0
24	638.6006736755371	0.5579027518630028	0.9088213491475167	0.0	0.412003830075264	0.9630290143356883	0.0	0.4412405788898468	0.9625488716647232	0.0
25	678.1730825901031	0.5383333116769791	0.9028169014084507	0.0	0.3900996297597885	0.9703712810425374	0.0	0.41495927423238754	0.9690189328743546	0.0
26	718.152663230896	0.5081665575504303	0.9075182967398536	0.0	0.36755817383527756	0.9734424795350872	0.0	0.39892490208148956	0.9711929013310004	0.03
27	760.6834855079651	0.47268425524234775	0.9368872549019608	0.0625	0.3367285095155239	0.9808349609375	0.02	0.36449649184942245	0.977783203125	0.03
28	806.7813398838043	0.46385028138756756	0.9359886201991465	0.0	0.3148636259138584	0.9822467280659234	0.02	0.3481018394231796	0.980186621425109	0.07
29	852.0383367538452	0.45629341751337055	0.9406834300451322	0.0	0.2966371923685074	0.9856588176352705	0.03	0.3262644074857235	0.9850951903807615	0.08
30	898.0234758853912	0.4152813166379929	0.9521654815772462	0.0625	0.27533992752432823	0.9879604789635543	0.11	0.3094479888677597	0.9856703526794478	0.07
31	947.0909488201141	0.39002862349152567	0.9599211563731932	0.125	0.2601706124842167	0.9884947267497604	0.12	0.29603176936507225	0.9868328539469479	0.12
32	997.1224191188812	0.3671034261584282	0.9673286354900704	0.25	0.2377888485789299	0.9920871559633028	0.16	0.2661413513123989	0.9901949541284404	0.15
33	1047.5830159187317	0.3586844459176064	0.976897689768977	0.28125	0.21482845395803452	0.9947395765683855	0.41	0.2514687590301037	0.990453305624107	0.25
34	1100.7039473056793	0.335614188015461	0.9845132743362832	0.53125	0.21095377206802368	0.9947600083839866	0.39	0.24648229777812958	0.9903584154265354	0.24
35	1159.0977010726929	0.294231453537941	0.9965301873698821	0.875	0.19153083860874176	0.9955191895577635	0.46	0.23410506919026375	0.9907786219884408	0.3
36	1214.3037514686584	0.27782700285315515	0.9904191616766467	0.65625	0.17325877770781517	0.9962582445459158	0.53	0.21143904328346252	0.9914383561643836	0.24
37	1272.0706446170807	0.26645473167300227	0.9907735982966643	0.65625	0.15771337412297726	0.9967534618697409	0.58	0.1920410469174385	0.992446829656132	0.29
38	1331.0525679588318	0.25186971426010135	0.9926372155287818	0.6875	0.14694719016551971	0.9969267436026091	0.61	0.18053311109542847	0.9936026091319619	0.34
39	1391.9837846755981	0.21989669874310494	0.9966487935656837	0.84375	0.13833941519260406	0.9973221117061974	0.66	0.17133091017603874	0.9938791124713083	0.46
40	1454.7423543930054	0.21533587612211705	0.9971811134601832	0.875	0.12951159663498402	0.9974012803448057	0.67	0.16753971576690674	0.9937884261900235	0.39
41	1519.1319267749786	0.20026875771582128	0.9961612284069098	0.8125	0.12386421859264374	0.9979722879351132	0.74	0.1632129456847906	0.9947279486312943	0.49
42	1586.7559461593628	0.19744472205638885	0.9946236559139785	0.78125	0.11711829155683517	0.9984723106301718	0.77	0.16182192601263523	0.9946530872056015	0.41
43	1659.9166479110718	0.18126449584960938	0.9968652037617555	0.84375	0.10905740596354008	0.9984645169904534	0.77	0.1538650095462799	0.9944589091394619	0.38
44	1731.014707326889	0.15851468555629256	0.997588908981314	0.875	0.0977140162140131	0.9986848162030644	0.81	0.13995869271457195	0.99427895048333	0.45
45	1803.523564338684	0.15084477439522745	0.9981366459627329	0.90625	0.09367677755653858	0.9979226492332132	0.69	0.13401472568511963	0.9948677216349973	0.47
46	1878.2495641708374	0.14545060954988004	0.9946200403496974	0.78125	0.08735698275268078	0.9983427879405953	0.75	0.1129560824483633	0.9963031423290203	0.54
47	1954.2550251483917	0.12298589684069157	0.9994040524433849	0.96875	0.08344640582799911	0.9978735038580716	0.72	0.1185021847486496	0.9955647366182636	0.5
48	2033.070072889328	0.1252779766917229	0.9970077797725913	0.84375	0.08168632630258799	0.9984271783579742	0.76	0.11456190794706345	0.9956590122680088	0.49
49	2113.4397282600403	0.10958501677960159	1.0	1.0	0.07202006410807371	0.9987445072190835	0.82	0.1022829283028841	0.9965473948524796	0.57
50	2196.7323405742645	0.10658792462199927	1.0	1.0	0.06410290114581585	0.9991347877139856	0.86	0.09279274381697178	0.9971571596316667	0.64
51	2281.1674563884735	0.10762438457459211	0.9994327850255247	0.96875	0.05841062590479851	0.9995689920571393	0.93	0.09703146573156118	0.9961825010775198	0.55
52	2368.5629227161407	0.09894073642790319	0.9993174061433447	0.96875	0.05589862447232008	0.9997501561524047	0.96	0.10443285014480352	0.9949406620861961	0.4
53	2461.101191520691	0.09304622784256936	1.0	1.0	0.05546512175351381	0.9999337089824328	0.99	0.10571295022964478	0.9948955916473318	0.4
54	2550.2143290042877	0.09350469261407852	1.0	1.0	0.05224255844950676	0.9998828559714169	0.98	0.09964280296117067	0.9949042347566333	0.45
55	2640.9335064888	0.0824641129001975	1.0	1.0	0.04713826719671488	0.9999364998729997	0.99	0.08901799935847521	0.9961264922529846	0.54
56	2733.4692330360413	0.0833334967494011	0.999375	0.96875	0.045543888583779335	0.9998064765836666	0.97	0.08882943913340569	0.9961295316733325	0.56
57	2830.2499969005585	0.07574729528278112	0.9979166666666667	0.90625	0.043233768083155155	0.9998769155024925	0.98	0.07633015513420105	0.9979075635423719	0.68
58	2930.7307255268097	0.07595287133008242	0.9992727272727273	0.96875	0.04392707999795675	0.9996981040937085	0.95	0.07752558216452599	0.9975848327496679	0.63
59	3031.4522457122803	0.07042330158874392	0.9993865030674847	0.96875	0.040601637214422226	0.9999387817569636	0.99	0.07532924972474575	0.997551270278543	0.65
60	3138.0920026302338	0.06847924310714007	0.9994305239179955	0.96875	0.037622926756739616	1.0	1.0	0.07377663627266884	0.9969674506368353	0.6

#############################################################################

SEED =  25
iteration number	elapsed seconds	training loss	training fraction nodes/edges labeled correctly	training fraction examples solved correctly	test loss	test fraction nodes/edges labeled correctly	test fraction examples solved correctly	test_perm loss	test_perm fraction nodes/edges labeled correctly	test_perm fraction examples solved correctly
#	T	Ltr	Ctr	Str	Lge	Cge	Sge	Lpe	Cpe	Spe
0	22.446539163589478	2.132509359717369	0.6142857142857143	0.0	2.084884375333786	0.7406803962460897	0.0	2.165844351053238	0.7241266944734098	0.0
1	38.37904453277588	2.092184141278267	0.6945169712793734	0.0	2.2083427608013153	0.7675474553824809	0.0	2.2079658210277557	0.7553131109289273	0.0
2	54.481480836868286	1.8732714235782624	0.7085714285714285	0.0	1.9176392257213593	0.7637188490460506	0.0	1.979995995759964	0.7731651233608849	0.0
3	71.40027642250061	1.5656999558210374	0.7180811808118082	0.0	1.8042124956846237	0.839550395256917	0.0	1.8313979804515839	0.8268898221343873	0.0
4	89.15788054466248	1.474425020813942	0.7529631940112289	0.0	1.8619481921195984	0.8376632208922742	0.0	1.8944769501686096	0.823993471164309	0.0
5	107.26952600479126	1.3708497673273088	0.753968253968254	0.0	1.6086685508489609	0.8505719004220441	0.0	1.6689212322235107	0.8392562236222398	0.0
6	128.05718564987183	1.2642819285392761	0.7510917030567685	0.0	1.635232761502266	0.8588459411294783	0.0	1.6484093219041824	0.8529465986603576	0.0
7	147.9928469657898	1.1470331341028215	0.7957559681697612	0.0	1.0191658288240433	0.8887854527400236	0.0	1.0892917811870575	0.8823930987401477	0.0
8	169.70135807991028	0.9674052372574806	0.8402332361516035	0.0	0.6386651992797852	0.955348599859667	0.0	0.6940751075744629	0.9435478726797218	0.0
9	191.5816035270691	0.8296856924891473	0.8813664596273292	0.0	0.6715013831853867	0.9577481552011425	0.0	0.6515515446662903	0.9570340395144014	0.0
10	213.79062509536743	0.8740009561181069	0.8528645833333334	0.0	0.6631019562482834	0.9520317545748116	0.0	0.6464344710111618	0.9520317545748116	0.0
11	238.50187730789185	0.9037386357784272	0.8433179723502304	0.0	0.6182717829942703	0.9578733814666747	0.0	0.621673122048378	0.9560236290948148	0.0
12	263.2396378517151	0.8015596240758897	0.8707613563659629	0.0	0.5840148776769638	0.9577315956322648	0.0	0.5749137848615646	0.957320652812023	0.0
13	289.41340470314026	0.8226569786667824	0.8625561978163134	0.0	0.578997015953064	0.9434342032204331	0.0	0.5850040912628174	0.9437118267629095	0.0
14	317.2602479457855	0.8791462004184724	0.8381962864721485	0.0	0.5243948847055435	0.9492687977222726	0.0	0.537685826420784	0.9494629222207842	0.0
15	344.0922152996063	0.7940526366233827	0.8540575916230366	0.0	0.47546595335006714	0.9541367488194579	0.0	0.5008550882339478	0.9532311274985446	0.0
16	372.93710565567017	0.8502883151173593	0.836076817558299	0.0	0.49730120599269867	0.9529898690387941	0.0	0.5243702828884125	0.952866320731406	0.0
17	402.66493916511536	0.8145192846655847	0.8441247002398081	0.0	0.5055170804262161	0.9509632224168126	0.0	0.5448087304830551	0.9507611477839149	0.0
18	436.4307281970978	0.8155867949128152	0.8371757925072046	0.0	0.489390105009079	0.9602009273570324	0.0	0.5297860354185104	0.9585265327150954	0.0
19	469.62901282310486	0.7431103453040123	0.8583106267029973	0.0	0.511038675904274	0.9604958367244726	0.0	0.5566364377737045	0.9573029487259751	0.0
20	502.4674458503723	0.6395868420600892	0.8955135773317592	0.0	0.531293973326683	0.9560113434017015	0.0	0.5880568772554398	0.9487568423135263	0.0
21	537.4658892154694	0.7464124575257302	0.8606610499027868	0.0	0.5287400186061859	0.9598964292165955	0.0	0.5664549767971039	0.9550189679051002	0.0
22	575.747062921524	0.69918043166399	0.8720626631853786	0.0	0.5025684013962746	0.9632993512511585	0.0	0.5453274995088577	0.9564411492122336	0.0
23	613.1584997177124	0.6963740721344949	0.8736156351791531	0.0	0.5058708190917969	0.9574453960034521	0.0	0.5441697537899017	0.9511385514173804	0.0
24	651.5486297607422	0.7126976191997528	0.8641975308641975	0.0	0.4875980019569397	0.9628429994499786	0.0	0.5333418846130371	0.9560594023100898	0.0
25	691.9376845359802	0.7133686378598214	0.8662460567823344	0.0	0.5007564723491669	0.955197017419811	0.0	0.5298531949520111	0.9527543870926272	0.0
26	733.43084025383	0.6653366565704346	0.8814229249011858	0.0	0.4816543161869049	0.957953543075566	0.0	0.5015182495117188	0.9578359306086445	0.0
27	777.07621717453	0.6084744155406953	0.8870636550308009	0.0	0.46057092398405075	0.9587471858032048	0.0	0.49823254346847534	0.9528539266322341	0.0
28	824.9362633228302	0.5637085631489754	0.9090909090909091	0.0	0.42921267449855804	0.9649458253664754	0.01	0.4643259048461914	0.9596558317399617	0.0
29	871.8529605865479	0.5876665443181992	0.8970917225950783	0.0	0.4214964061975479	0.9664568911264947	0.0	0.4481164515018463	0.9623662680931403	0.0
30	920.7893803119659	0.5654667615890503	0.9035087719298246	0.0	0.3926117792725563	0.9687778158165012	0.0	0.4184431880712509	0.9637110578568984	0.0
31	970.7359158992767	0.5520526811480523	0.9079714841218406	0.03125	0.3701537102460861	0.9759072888075633	0.01	0.3999122083187103	0.9702958218969198	0.0
32	1023.0421099662781	0.464348840713501	0.9440715883668904	0.09375	0.32529057562351227	0.9794915476346482	0.03	0.35874511301517487	0.9730048486436902	0.0
33	1077.4122595787048	0.4481170818209648	0.9401234567901234	0.0	0.32598521560430527	0.9782424044429925	0.01	0.3590615391731262	0.9700751388435152	0.0
34	1133.0166580677032	0.3965939775109291	0.9561855670103093	0.125	0.31225575506687164	0.9830758344144357	0.03	0.34668204188346863	0.9764123127727327	0.0
35	1194.566603422165	0.39111492186784746	0.9608520437535981	0.09375	0.29250865429639816	0.9832580049653065	0.06	0.3375789150595665	0.9734547074925202	0.0
36	1253.7741167545319	0.3557753071188927	0.9614035087719298	0.125	0.2804616466164589	0.9830987646733452	0.04	0.304084375500679	0.9766455657304407	0.01
37	1313.940289258957	0.35398539006710056	0.9597048808172531	0.125	0.2523057907819748	0.9860785844392401	0.14	0.29096440225839615	0.9754748894093156	0.0
38	1376.9001121520996	0.31912211030721666	0.9651162790697675	0.09375	0.235667884349823	0.9860972527107031	0.15	0.28469226509332657	0.9750548792656156	0.0
39	1440.8562142848969	0.3027204222977162	0.9683436970039571	0.25	0.22134152054786682	0.9878146347467537	0.15	0.2633961886167526	0.9781525016924119	0.0
40	1506.8715953826904	0.28406980335712434	0.9767879548306148	0.40625	0.20784912258386612	0.9896369721936148	0.22	0.2501288577914238	0.9770211122554068	0.0
41	1574.3432652950287	0.2751530393958092	0.9806612601372426	0.375	0.18961665779352188	0.9912769725191841	0.3	0.2419527843594551	0.9771758378697448	0.01
42	1643.1714539527893	0.28592155277729037	0.9767733835530445	0.46875	0.17348989099264145	0.993017743898533	0.29	0.22340454161167145	0.9796297482544359	0.01
43	1719.4895470142365	0.2604835584759712	0.982396750169262	0.5	0.16656149178743362	0.9931134219406377	0.37	0.21636008471250534	0.9803732525308174	0.02
44	1791.6214923858643	0.21339977681636813	0.9883449883449883	0.625	0.15255334973335266	0.9945630813572645	0.45	0.21519391983747482	0.9794969212629372	0.02
45	1865.5688757896423	0.2338629446923733	0.9827228749136143	0.5625	0.1352856457233429	0.9952010814464346	0.5	0.19836615025997162	0.9813450490030415	0.05
46	1940.8916366100311	0.20392586886882783	0.9914698162729659	0.625	0.12607841193675995	0.9962475354576099	0.59	0.1831652745604515	0.9824460980728869	0.02
47	2019.1856966018677	0.2032446786761284	0.9873595505617978	0.59375	0.11310142278671265	0.9963990554899645	0.6	0.17106863111257553	0.9832349468713105	0.02
48	2098.0161607265472	0.18775804042816163	0.9923906150919467	0.6875	0.10596257075667381	0.9950598903701698	0.5	0.16769711673259735	0.9822020707856804	0.03
49	2178.744465112686	0.1796881839632988	0.9925788497217068	0.65625	0.09565228223800659	0.9963636363636363	0.6	0.1608365848660469	0.9819480519480519	0.02
50	2261.7481405735016	0.17178064659237863	0.990909090909091	0.65625	0.09677853807806969	0.9965839077655096	0.56	0.15902365744113922	0.9829805404745928	0.01
51	2347.4858837127686	0.14982660226523878	0.9951485748938751	0.78125	0.08895447105169296	0.99628569688851	0.58	0.15250208973884583	0.9834987517505936	0.01
52	2435.0399441719055	0.1565626483410597	0.9924242424242424	0.71875	0.08226695656776428	0.9974662162162162	0.7	0.1528398022055626	0.9818087318087318	0.02
53	2530.1030991077423	0.13158401809632778	0.9958592132505176	0.84375	0.08128645643591881	0.9976478494623656	0.74	0.16200446337461472	0.9815188172043011	0.08
54	2621.0973093509674	0.12892594672739507	0.9944512946979038	0.75	0.07819607108831406	0.9976942730728485	0.73	0.14923234283924103	0.9812425998629027	0.02
55	2713.0312509536743	0.1418319210410118	0.9944559944559944	0.84375	0.07190313935279846	0.9984851353910245	0.79	0.1431262269616127	0.9825790569967809	0.01
56	2807.6424901485443	0.12539621405303478	0.9965753424657534	0.875	0.07101782038807869	0.9983567766530826	0.77	0.16748680919408798	0.9792296568949652	0.07
57	2905.6983654499054	0.11735686287283897	0.9979946524064172	0.90625	0.06633753515779972	0.998755754634814	0.81	0.14725569635629654	0.9833271121065074	0.08
58	3005.7086045742035	0.11639572642743588	0.9974126778783958	0.875	0.06549623794853687	0.9988441416230684	0.87	0.15275711193680763	0.9825404550431927	0.06
59	3109.2164964675903	0.10298379324376583	0.9987138263665595	0.9375	0.06144937872886658	0.9993567063364426	0.9	0.163534764200449	0.9802508845287874	0.04
60	3215.6573894023895	0.09353767931461335	0.9986440677966102	0.9375	0.059053365141153336	0.9993011435832274	0.89	0.1601969562470913	0.9817026683608641	0.04




---------------------- Permutations ----------------------------------

SEED =  5
iteration number	elapsed seconds	training loss	training fraction nodes/edges labeled correctly	training fraction examples solved correctly	test loss	test fraction nodes/edges labeled correctly	test fraction examples solved correctly	test_perm loss	test_perm fraction nodes/edges labeled correctly	test_perm fraction examples solved correctly
#	T	Ltr	Ctr	Str	Lge	Cge	Sge	Lpe	Cpe	Spe
0	21.35936450958252	2.1464643239974976	0.11065573770491803	0.0	1.894466757774353	0.1156944696832031	0.0	1.857541799545288	0.12096432249076261	0.0
1	38.31585168838501	1.7106683373451235	0.2724867724867725	0.0	1.642693281173706	0.17019372162905186	0.0	1.6236651539802551	0.18227734799565246	0.0
2	53.518118143081665	1.5098423957824707	0.32813474734872117	0.0	1.475650668144226	0.2599440540356144	0.0	1.4534530639648438	0.29856041481885787	0.0
3	70.69296479225159	1.3542450904846193	0.5368608799048752	0.0	1.318112075328827	0.36060419235511715	0.0	1.2760238647460938	0.4606041923551171	0.0
4	89.21717739105225	1.226314750313759	0.6923583662714098	0.0	1.150230884552002	0.6722162435905552	0.0	1.1264669299125671	0.6559473317718554	0.0
5	108.27395606040955	1.1191976696252823	0.8023019634394042	0.0	1.0544715523719788	0.8162022635515256	0.0	1.0187554955482483	0.837911178767622	0.0
6	127.23942446708679	1.0011203408241272	0.8808641975308642	0.0	0.92054882645607	0.9574851378130067	0.0	0.9027871191501617	0.964811145139014	0.0
7	147.87638521194458	0.9684282585978509	0.8995127892813642	0.0	0.8037836253643036	0.9570826580226904	0.0	0.7783145308494568	0.9633711507293355	0.0
8	168.27658605575562	0.9244692310690881	0.888042203985932	0.0	0.669064462184906	0.9580958549222798	0.0	0.6721123456954956	0.9630829015544041	0.0
9	190.1582489013672	0.8769618064165116	0.8700607902735562	0.0	0.6334783136844635	0.9561160800463291	0.0	0.6495330408215523	0.9609420243227591	0.0
10	214.03436636924744	0.8007566452026368	0.8942189421894219	0.0	0.593425028026104	0.9633645775899038	0.0	0.597329206764698	0.966611529743307	0.0
11	237.16698837280273	0.7935913868248463	0.8812189054726368	0.0	0.575295016169548	0.9623498662020039	0.0	0.5770286917686462	0.9648391312464994	0.0
12	261.4332778453827	0.7538231246173382	0.8880746169220519	0.0	0.5898135229945183	0.9548522377301618	0.0	0.5951665937900543	0.9559006618177053	0.0
13	288.66979575157166	0.7378891371190548	0.8898142216527867	0.0	0.5663261190056801	0.9575091098386257	0.0	0.5688900351524353	0.9594612181155648	0.0
14	314.8439426422119	0.7518108807504178	0.8721957851801495	0.0	0.5639455690979958	0.9570801600619595	0.0	0.5643280893564224	0.9577255711888473	0.0
15	342.51897048950195	0.6694552376866341	0.9181084198385236	0.0	0.5307333804666996	0.9643407983219199	0.0	0.532364509999752	0.9658214572151274	0.0
16	374.201642036438	0.7284681804478169	0.8851674641148325	0.0	0.5368297211825848	0.9619516562220233	0.0	0.5307639390230179	0.964445581276378	0.0
17	405.30651211738586	0.7245452009141445	0.9052697616060226	0.0	0.5245620906352997	0.9661887845724435	0.01	0.5185122862458229	0.9680918548591728	0.0
18	437.76146030426025	0.7154107131063938	0.9128469980632666	0.03125	0.5126667134463787	0.9716981132075472	0.0	0.503469493240118	0.9717601787487586	0.01
19	471.25510263442993	0.729214908182621	0.9226878612716763	0.03125	0.5249597504734993	0.970777049618831	0.0	0.5070938989520073	0.970576434398823	0.0
20	506.80451130867004	0.6619762174785138	0.9429121231558691	0.03125	0.5112939290702343	0.9743852459016393	0.0	0.4950786344707012	0.9731045081967213	0.0
21	546.6311972141266	0.6969259925186635	0.9437453737971873	0.0625	0.5005497634410858	0.9763266391807421	0.0	0.48024916648864746	0.9759941481579998	0.01
22	585.42258477211	0.6661582350730897	0.9489528795811518	0.03125	0.49810703098773956	0.9758751802805822	0.0	0.47704610601067543	0.9760718500065556	0.03
23	626.2695178985596	0.6597565703094006	0.9506346967559943	0.125	0.48222627118229866	0.9782979761033894	0.01	0.4646417684853077	0.9768349183126067	0.02
24	667.7807576656342	0.6310727290809155	0.9575315195753152	0.125	0.4836031496524811	0.9766965936097175	0.0	0.46079234406352043	0.9772907314496964	0.02
25	711.8280465602875	0.5919727094471455	0.9596917605216361	0.03125	0.4533761888742447	0.9799507995079951	0.01	0.43148236349225044	0.9809348093480935	0.05
26	759.3516170978546	0.6135382372885942	0.9500312304809494	0.03125	0.4452076405286789	0.9795785639958376	0.02	0.4178969971835613	0.9809443288241415	0.07
27	805.0284144878387	0.601772651448846	0.9537037037037037	0.03125	0.42869170382618904	0.9825824009676444	0.02	0.40593840181827545	0.9825824009676444	0.03
28	853.0499410629272	0.6016561683267355	0.9473350253807107	0.09375	0.4120909608900547	0.982869773438939	0.02	0.3912985622882843	0.9840363480076134	0.04
29	902.313892364502	0.5877483274787665	0.9591708542713567	0.125	0.4079222120344639	0.9838521520230858	0.0	0.386619508266449	0.9836065573770492	0.05
30	953.7517766952515	0.5381260104477406	0.9730745147150908	0.25	0.3926700949668884	0.9841280700554149	0.06	0.3755810111761093	0.9857699938427859	0.11
31	1007.5984675884247	0.5669537920504809	0.9592356687898089	0.125	0.36858049780130386	0.9878122360323398	0.05	0.35287701711058617	0.9891396162664414	0.1
32	1062.2142264842987	0.5414895985275507	0.9745942131263232	0.28125	0.35448290035128593	0.9872549019607844	0.09	0.33626294881105423	0.9892156862745098	0.21
33	1123.0435667037964	0.5043372582644224	0.9730820995962315	0.28125	0.34914799965918064	0.9877864517753714	0.05	0.3312129098922014	0.9898640141022412	0.12
34	1181.8653202056885	0.5044716078788042	0.9755452742894911	0.375	0.3330793119966984	0.9894810214815284	0.08	0.32176055014133453	0.9914454090361827	0.19
35	1241.9284718036652	0.4487832807004452	0.984573002754821	0.4375	0.31534296832978725	0.9901524777636594	0.09	0.3020118214190006	0.9920584498094028	0.26
36	1303.4579002857208	0.44886428490281105	0.984029484029484	0.46875	0.2992101088166237	0.9909610983981694	0.11	0.29023762606084347	0.9930778032036613	0.25
37	1367.282616853714	0.447075466811657	0.9821428571428571	0.375	0.2947043590247631	0.9918783034678355	0.21	0.2862100526690483	0.9926517983756606	0.29
38	1433.0629947185516	0.42145604565739636	0.9861878453038674	0.5625	0.2791327442973852	0.993038570084666	0.31	0.2706545293331146	0.9940420194418313	0.35
39	1500.8150599002838	0.41119662895798686	0.9853689567430025	0.46875	0.2578847035765648	0.9949504513034148	0.39	0.2495112493634224	0.9955185255317806	0.48
40	1570.780918598175	0.370734104141593	0.9906852960745176	0.65625	0.24030193872749805	0.995574653668548	0.48	0.2308952659368515	0.9966008209338122	0.56
41	1647.875126838684	0.357227959856391	0.9903846153846154	0.625	0.22691842541098595	0.9973743195645213	0.64	0.21777809411287308	0.9976945244956772	0.69
42	1721.4194223880768	0.3281777834519744	0.9951308581862447	0.78125	0.21829408779740334	0.9975643473109078	0.66	0.20575276762247086	0.9986176025278125	0.81
43	1797.9167687892914	0.313963058590889	0.9963008631319359	0.84375	0.21328020468354225	0.9991263440860215	0.87	0.19805467873811722	0.9994623655913979	0.92
44	1877.1854393482208	0.28873235657811164	0.9979508196721312	0.90625	0.19800929725170135	0.9989705976967124	0.85	0.18805797956883907	0.9987775847648459	0.81
45	1959.2250049114227	0.27650502044707537	0.9976635514018691	0.875	0.19393338076770306	0.9991804312192661	0.88	0.1820431798696518	0.9992434749716304	0.89
46	2041.9114027023315	0.2493685042485595	0.9966487935656837	0.84375	0.17015076242387295	0.9994626183918855	0.92	0.16179624944925308	0.9994626183918855	0.92
47	2127.191792488098	0.2439515206962824	0.9963724304715841	0.84375	0.1591191217303276	0.9995099240382259	0.93	0.1487342994660139	0.9994486645430042	0.92
48	2213.4957678318024	0.22684831749647857	0.9970845481049563	0.875	0.1461343038827181	0.9995031364511521	0.92	0.13877703994512558	0.9993789205639402	0.9
49	2302.057398557663	0.20047149751335383	0.9982445874780573	0.90625	0.13261678256094456	0.9989797143200096	0.89	0.12841653637588024	0.9995798823670627	0.93
50	2398.130695104599	0.17495061289519073	1.0	1.0	0.11801090277731419	0.9996911864616145	0.95	0.11574657261371613	0.9997529491692916	0.96
51	2490.1554832458496	0.1663101786747575	0.9993784959602238	0.96875	0.11055462434887886	0.999630017882469	0.94	0.1088124979287386	0.9998766726274897	0.98
52	2584.532525062561	0.16510795261710884	0.9988249118683902	0.96875	0.10287750884890556	0.9998162102554677	0.98	0.1029738150537014	0.9997549470072903	0.97
53	2679.3765194416046	0.14980304464697838	1.0	1.0	0.09787046164274216	1.0	1.0	0.09759075380861759	1.0	1.0
54	2777.257670402527	0.1399750815704465	1.0	1.0	0.0899063479155302	1.0	1.0	0.08945486880838871	1.0	1.0
55	2875.9281430244446	0.12799818012863398	1.0	1.0	0.08519665710628033	1.0	1.0	0.08603352680802345	1.0	1.0
56	2976.4256222248077	0.12323096171021462	0.9993535875888817	0.96875	0.08236048370599747	1.0	1.0	0.08263038285076618	1.0	1.0
57	3080.1220560073853	0.12110682744532825	1.0	1.0	0.08039798960089684	1.0	1.0	0.07988260313868523	1.0	1.0
58	3186.225095272064	0.10915816817432643	1.0	1.0	0.07689708191901445	1.0	1.0	0.07812885008752346	1.0	1.0
59	3293.713161945343	0.09733770452439786	1.0	1.0	0.07122468296438456	1.0	1.0	0.07256040908396244	1.0	1.0
60	3404.732350587845	0.0937337575480342	1.0	1.0	0.06740803085267544	1.0	1.0	0.06809559185057878	1.0	1.0
